2.194190800000000152e+01 -7.354900800000000061e+01 1.292999999999999927e+00 -3.073999999999999400e+00
2.260323299999999946e+01 -7.353879399999999578e+01 -4.929999999999999938e-01 -3.120999999999999996e+00
2.236527200000000093e+01 -7.353372500000000400e+01 -1.650000000000000355e-01 -3.134999999999999343e+00
2.229637999999999920e+01 -7.351134299999999655e+01 -1.740000000000000435e-01 -3.272999999999999243e+00
2.229500200000000021e+01 -7.350510599999999783e+01 -3.539999999999999813e-01 -3.139999999999998348e+00
2.235021499999999861e+01 -7.349524200000000462e+01 5.789999999999999591e-01 -3.964999999999999414e+00
2.260467900000000085e+01 -7.346390599999999438e+01 -7.859999999999999210e-01 -3.632999999999998675e+00
2.236786100000000133e+01 -7.343510200000000054e+01 -2.900000000000000355e-01 -3.100999999999998646e+00
2.243927899999999909e+01 -7.343175800000000208e+01 -5.539999999999999369e-01 -3.903999999999999471e+00
2.262706100000000120e+01 -7.343150400000000388e+01 -9.469999999999999529e-01 -3.826999999999999513e+00
2.260785600000000173e+01 -7.342582500000000323e+01 -4.550000000000001821e-01 -3.287999999999999812e+00
2.246297799999999967e+01 -7.341652700000000209e+01 -8.950000000000001288e-01 -3.013999999999998902e+00
2.154319399999999973e+01 -7.339851000000000170e+01 6.739999999999999325e-01 -3.127999999999999670e+00
2.170834599999999881e+01 -7.339616499999999633e+01 5.129999999999999005e-01 -3.479999999999999982e+00
2.182525800000000160e+01 -7.338868399999999781e+01 -5.360000000000001430e-01 -3.323999999999999400e+00
2.230615200000000087e+01 -7.337736900000000162e+01 -6.389999999999999014e-01 -3.154999999999998916e+00
2.226710100000000025e+01 -7.337709099999999296e+01 8.860000000000000098e-01 -3.142999999999998462e+00
2.249205100000000002e+01 -7.337144200000000183e+01 -9.340000000000000524e-01 -3.268999999999999684e+00
2.259577499999999972e+01 -7.334291199999999833e+01 -2.491000000000000103e+00 -3.448999999999999400e+00
2.247974299999999914e+01 -7.334272199999999486e+01 -9.120000000000000329e-01 -3.191999999999999726e+00
2.234890700000000052e+01 -7.332934000000000196e+01 -1.072000000000000064e+00 -3.332999999999999741e+00
2.262056600000000017e+01 -7.332777799999999502e+01 -7.560000000000001164e-01 -3.635999999999998789e+00
2.155886599999999831e+01 -7.330980599999999470e+01 -3.600000000000003197e-02 -3.590999999999998860e+00
2.179555600000000126e+01 -7.330625299999999811e+01 -6.660000000000000364e-01 -3.275999999999999357e+00
2.217354600000000175e+01 -7.330339800000000139e+01 -1.276000000000000245e+00 -3.203999999999998405e+00
2.177574699999999908e+01 -7.330111399999999833e+01 -5.539999999999999369e-01 -3.088999999999999968e+00
2.182679200000000108e+01 -7.330100000000000193e+01 -1.064999999999999947e+00 -3.269999999999999130e+00
2.210152100000000175e+01 -7.330161699999999314e+01 -8.579999999999999849e-01 -3.064999999999999059e+00
2.157585999999999871e+01 -7.329582800000000020e+01 -3.400000000000003020e-02 -3.601999999999999869e+00
2.160094799999999893e+01 -7.329330199999999707e+01 9.529999999999999583e-01 -3.603999999999998760e+00
2.160968799999999845e+01 -7.329237399999999525e+01 -3.290000000000000702e-01 -3.058999999999998831e+00
2.219193999999999889e+01 -7.329492799999999875e+01 -1.088000000000000078e+00 -3.002999999999999670e+00
2.227850700000000117e+01 -7.328767600000000471e+01 -9.300000000000000488e-01 -3.183999999999998831e+00
2.164684600000000003e+01 -7.325463899999999740e+01 3.099999999999999423e-01 -3.926999999999999158e+00
2.253257299999999930e+01 -7.325141999999999598e+01 -4.009999999999999121e-01 -3.714999999999999414e+00
2.121029800000000165e+01 -7.324424799999999891e+01 -4.100000000000003642e-02 -3.032999999999999030e+00
2.223185700000000153e+01 -7.324853000000000236e+01 -8.030000000000000471e-01 -3.485999999999998433e+00
2.174947200000000080e+01 -7.324462400000000173e+01 -9.320000000000000506e-01 -3.487999999999999101e+00
2.138556399999999869e+01 -7.323170299999999600e+01 -4.420000000000000595e-01 -3.527999999999998249e+00
2.167834799999999973e+01 -7.323038099999999417e+01 -9.540000000000000702e-01 -3.425999999999999712e+00
2.198547500000000099e+01 -7.319919199999999648e+01 -1.286000000000000032e+00 -3.316999999999999726e+00
2.246129900000000035e+01 -7.319313699999999301e+01 -9.200000000000000400e-01 -3.135999999999998789e+00
2.213128299999999982e+01 -7.314921400000000062e+01 -1.141999999999999904e+00 -3.231999999999998874e+00
2.229168599999999856e+01 -7.314416799999999341e+01 -1.237000000000000099e+00 -3.127999999999999670e+00
2.248117600000000138e+01 -7.310860499999999718e+01 -7.959999999999999298e-01 -3.234999999999998987e+00
2.204241100000000131e+01 -7.309399399999999503e+01 -1.225000000000000089e+00 -3.983999999999999542e+00
2.192725700000000089e+01 -7.306004000000000076e+01 -6.370000000000001217e-01 -3.045999999999998931e+00
