2.255371399999999937e+01 -7.359485800000000211e+01 9.819999999999999840e-01 -2.399999999999998135e+00
2.214254499999999837e+01 -7.354641499999999610e+01 2.839999999999999747e-01 -2.753999999999999115e+00
2.263348200000000077e+01 -7.353817800000000204e+01 -4.700000000000000844e-01 -2.394999999999999130e+00
2.230564100000000138e+01 -7.353453199999999867e+01 2.749999999999999667e-01 -2.053999999999998050e+00
2.260589999999999833e+01 -7.353336199999999678e+01 -5.440000000000001501e-01 -2.266999999999999016e+00
2.203207499999999897e+01 -7.351538999999999646e+01 2.779999999999999694e-01 -2.600999999999998646e+00
2.247579999999999956e+01 -7.351463300000000345e+01 -2.040000000000000702e-01 -2.499999999999999556e+00
2.262902700000000067e+01 -7.350943900000000042e+01 8.799999999999996714e-02 -2.549999999999998490e+00
2.204943799999999854e+01 -7.350679800000000341e+01 4.759999999999999787e-01 -2.601999999999999869e+00
2.246196499999999929e+01 -7.348611999999999966e+01 -4.899999999999998801e-01 -2.820999999999999286e+00
2.219662299999999888e+01 -7.347606600000000299e+01 -2.800000000000002487e-02 -2.181999999999998163e+00
2.209276399999999896e+01 -7.347317200000000526e+01 -2.060000000000000719e-01 -2.117999999999998106e+00
2.267120299999999844e+01 -7.346208500000000186e+01 -4.030000000000001359e-01 -2.227999999999997538e+00
2.243278099999999853e+01 -7.345360399999999856e+01 -7.309999999999999831e-01 -2.573999999999999400e+00
2.253212100000000007e+01 -7.345215500000000475e+01 -7.750000000000000222e-01 -2.289999999999998703e+00
2.237582700000000102e+01 -7.345181200000000388e+01 -4.760000000000000897e-01 -2.271999999999998021e+00
2.253653299999999859e+01 -7.344783499999999776e+01 -4.030000000000001359e-01 -2.018999999999997907e+00
2.198821699999999879e+01 -7.344119899999999745e+01 -5.090000000000000080e-01 -2.169000000000000039e+00
2.251558299999999946e+01 -7.344024100000000033e+01 -7.730000000000000204e-01 -2.952999999999998959e+00
2.259719899999999981e+01 -7.344035900000000083e+01 -6.729999999999999316e-01 -2.613999999999998547e+00
2.262497499999999917e+01 -7.343928599999999562e+01 -7.489999999999999991e-01 -2.962999999999998746e+00
2.267174800000000090e+01 -7.343758699999999351e+01 -7.990000000000000435e-01 -2.539999999999998703e+00
2.134968100000000035e+01 -7.342523500000000070e+01 -2.900000000000002576e-02 -2.326999999999997737e+00
2.257724999999999937e+01 -7.342986500000000660e+01 -1.960000000000000631e-01 -2.647999999999999243e+00
2.246939300000000017e+01 -7.342208200000000318e+01 -6.849999999999999423e-01 -2.871999999999999442e+00
2.244221999999999895e+01 -7.341975100000000509e+01 -3.400000000000003020e-02 -2.219999999999998419e+00
2.146108999999999867e+01 -7.341324899999999332e+01 3.999999999999892530e-03 -2.063999999999999613e+00
2.247341600000000028e+01 -7.341740900000000636e+01 -4.470000000000001750e-01 -2.799999999999998490e+00
2.137711200000000034e+01 -7.341155000000000541e+01 5.090000000000000080e-01 -2.856999999999998874e+00
2.190081899999999848e+01 -7.341095799999999372e+01 -2.640000000000000124e-01 -2.409999999999999698e+00
2.218966299999999947e+01 -7.340984899999999413e+01 -4.440000000000000613e-01 -2.461999999999999300e+00
2.182309400000000110e+01 -7.340545500000000345e+01 -7.600000000000001199e-01 -2.379000000000000892e+00
2.131130299999999878e+01 -7.339771700000000010e+01 -9.900000000000008793e-02 -2.399999999999998135e+00
2.243195400000000106e+01 -7.340088900000000649e+01 -6.880000000000000560e-01 -2.099999999999997424e+00
2.244004899999999836e+01 -7.340058799999999906e+01 -7.979999999999999316e-01 -2.111999999999997879e+00
2.214366300000000010e+01 -7.339751400000000103e+01 -4.300000000000000488e-01 -2.024000000000000465e+00
2.137667499999999876e+01 -7.338867899999999622e+01 5.949999999999999734e-01 -2.729999999999999982e+00
2.151068400000000125e+01 -7.338278699999999333e+01 -2.850000000000000311e-01 -2.100999999999998646e+00
2.258142600000000044e+01 -7.338394900000000121e+01 -3.870000000000000107e-01 -2.900999999999999357e+00
2.228022400000000047e+01 -7.338176099999999735e+01 -4.840000000000000968e-01 -2.277000000000000579e+00
2.215522599999999898e+01 -7.337234399999999823e+01 -1.072999999999999954e+00 -2.544999999999999485e+00
2.184865599999999830e+01 -7.336857100000000287e+01 -3.479999999999999760e-01 -2.677999999999998604e+00
2.256708100000000172e+01 -7.336843399999999349e+01 -7.029999999999999583e-01 -2.888999999999998902e+00
2.266966599999999943e+01 -7.336012100000000657e+01 -2.000000000000112799e-03 -2.953999999999998405e+00
2.256687000000000154e+01 -7.335732400000000553e+01 -7.209999999999999742e-01 -2.710999999999999854e+00
2.264367700000000028e+01 -7.335417200000000548e+01 -8.250000000000000666e-01 -2.354999999999999982e+00
2.149413799999999952e+01 -7.334728900000000351e+01 1.369999999999999551e-01 -2.926999999999999158e+00
2.194156999999999869e+01 -7.334824299999999653e+01 -6.749999999999999334e-01 -2.161999999999998590e+00
2.121688500000000133e+01 -7.333838500000000238e+01 4.479999999999999538e-01 -2.316999999999999726e+00
2.254746300000000048e+01 -7.334350600000000497e+01 -7.409999999999999920e-01 -2.431999999999998163e+00
2.217570299999999861e+01 -7.333466799999999353e+01 -5.779999999999999583e-01 -2.172000000000000153e+00
2.224860899999999830e+01 -7.333051100000000133e+01 -9.709999999999999742e-01 -2.483000000000000096e+00
2.121996700000000047e+01 -7.332257699999999545e+01 -9.100000000000008082e-02 -2.622999999999998888e+00
2.152606700000000117e+01 -7.332392500000000268e+01 -6.340000000000000080e-01 -2.712999999999998746e+00
2.170533000000000001e+01 -7.332246399999999653e+01 -4.670000000000001927e-01 -2.042999999999998817e+00
2.266637499999999861e+01 -7.332574999999999932e+01 -7.650000000000000133e-01 -2.612999999999999101e+00
2.121106199999999831e+01 -7.331831400000000087e+01 4.500000000000003997e-02 -2.772999999999999243e+00
2.248873899999999892e+01 -7.332447299999999757e+01 -7.480000000000001092e-01 -2.940999999999998504e+00
2.243778800000000118e+01 -7.332446299999999439e+01 -1.125999999999999890e+00 -2.847999999999998533e+00
2.225500900000000115e+01 -7.332267199999999718e+01 -9.469999999999999529e-01 -2.843999999999998973e+00
2.152237399999999923e+01 -7.331843800000000044e+01 -3.400000000000003020e-02 -2.347999999999998533e+00
2.242615299999999934e+01 -7.331176999999999566e+01 -4.200000000000000400e-01 -2.236000000000000210e+00
2.240057200000000037e+01 -7.331191699999999400e+01 -5.480000000000001537e-01 -2.817999999999999172e+00
2.163790399999999892e+01 -7.330778999999999712e+01 -7.189999999999999725e-01 -2.262000000000000011e+00
2.161468599999999896e+01 -7.330440900000000681e+01 -5.680000000000001714e-01 -2.153999999999999471e+00
2.178827199999999920e+01 -7.330143900000000201e+01 -8.490000000000000879e-01 -2.432999999999999385e+00
2.194838599999999929e+01 -7.329869499999999505e+01 -4.680000000000000826e-01 -2.147999999999999243e+00
2.228797700000000148e+01 -7.329938799999999333e+01 -9.360000000000000542e-01 -2.989999999999999769e+00
2.148075599999999952e+01 -7.329347400000000334e+01 -5.999999999999999778e-01 -2.051999999999999158e+00
2.195047900000000141e+01 -7.329571699999999623e+01 -6.769999999999999352e-01 -2.173999999999999044e+00
2.133160700000000176e+01 -7.328668199999999899e+01 3.989999999999999658e-01 -2.928999999999999826e+00
2.126609600000000100e+01 -7.328361499999999751e+01 4.169999999999999818e-01 -2.790999999999999925e+00
2.133814100000000025e+01 -7.328319299999999714e+01 -6.740000000000000435e-01 -2.547999999999999599e+00
2.125911699999999982e+01 -7.328040400000000432e+01 2.899999999999999800e-01 -2.776999999999998803e+00
2.223875699999999966e+01 -7.327798799999999346e+01 -6.840000000000000524e-01 -2.283000000000000806e+00
2.139676700000000054e+01 -7.327136699999999792e+01 -4.580000000000000737e-01 -2.807999999999999385e+00
2.168961200000000034e+01 -7.326532199999999762e+01 -3.300000000000000711e-01 -2.788999999999999257e+00
2.142385000000000161e+01 -7.326043300000000613e+01 -3.200000000000002842e-02 -2.195999999999997510e+00
2.130347499999999883e+01 -7.325870000000000459e+01 -2.000000000000000666e-01 -2.278999999999999471e+00
2.131987600000000072e+01 -7.325692499999999541e+01 -5.600000000000001643e-01 -2.429999999999999272e+00
2.135109800000000035e+01 -7.325493000000000166e+01 -4.670000000000001927e-01 -2.891999999999999016e+00
2.141739000000000104e+01 -7.325504100000000562e+01 -4.470000000000001750e-01 -2.108999999999997765e+00
2.227461100000000016e+01 -7.325649599999999850e+01 -9.249999999999999334e-01 -2.676999999999999158e+00
2.166421700000000072e+01 -7.324837499999999579e+01 -9.629999999999999671e-01 -2.370000000000000551e+00
2.229022900000000007e+01 -7.325038700000000347e+01 -1.197999999999999954e+00 -2.332999999999997964e+00
2.181057900000000060e+01 -7.324575699999999756e+01 -1.165999999999999925e+00 -2.560999999999999499e+00
2.143396699999999910e+01 -7.324261199999999405e+01 -3.950000000000000178e-01 -2.624999999999999556e+00
2.165683599999999842e+01 -7.324275699999999745e+01 -9.300000000000000488e-01 -2.067999999999997396e+00
2.123669900000000155e+01 -7.323674699999999405e+01 -2.560000000000000053e-01 -2.419999999999997708e+00
2.146235599999999977e+01 -7.323838700000000301e+01 -2.000000000000000666e-01 -2.004000000000000892e+00
2.148195000000000121e+01 -7.323040500000000463e+01 -4.369999999999999440e-01 -2.906999999999999584e+00
2.231306400000000068e+01 -7.323389899999999386e+01 -6.189999999999998836e-01 -2.757999999999998675e+00
2.142396300000000053e+01 -7.322921300000000144e+01 -2.210000000000000853e-01 -2.033999999999998476e+00
2.228220800000000068e+01 -7.323253699999999355e+01 -4.120000000000000329e-01 -2.347999999999998533e+00
2.240541699999999992e+01 -7.322810800000000597e+01 -8.299999999999999600e-01 -2.544999999999999485e+00
2.163294000000000139e+01 -7.322399199999999553e+01 -5.379999999999999227e-01 -2.069999999999999840e+00
2.239193300000000164e+01 -7.322341099999999869e+01 -3.140000000000000568e-01 -2.515999999999997794e+00
2.170712500000000134e+01 -7.321534200000000681e+01 -7.320000000000000950e-01 -2.614999999999999769e+00
2.228739799999999960e+01 -7.321615699999999549e+01 -4.140000000000000346e-01 -2.318999999999998618e+00
2.234207200000000171e+01 -7.321279800000000648e+01 -8.470000000000000862e-01 -2.632999999999998675e+00
2.232340500000000105e+01 -7.318843400000000088e+01 -8.330000000000000737e-01 -2.671999999999998376e+00
2.193205800000000139e+01 -7.317918799999999635e+01 -1.000000000000000000e+00 -2.351999999999999869e+00
2.196396599999999921e+01 -7.316469600000000639e+01 -1.359999999999999876e+00 -2.697999999999999954e+00
2.232737699999999847e+01 -7.316497099999999421e+01 -6.119999999999999885e-01 -2.376000000000000778e+00
2.196870699999999843e+01 -7.313642900000000679e+01 -1.157999999999999918e+00 -2.868999999999999329e+00
2.224239800000000145e+01 -7.311523400000000095e+01 -9.300000000000000488e-01 -2.952999999999998959e+00
2.230328000000000088e+01 -7.310590200000000038e+01 -5.739999999999999547e-01 -2.022999999999999243e+00
2.209935899999999975e+01 -7.307553500000000213e+01 -1.208000000000000185e+00 -2.550999999999999712e+00
2.222134900000000002e+01 -7.304537799999999947e+01 -5.570000000000000506e-01 -2.120999999999998220e+00
