88524.6650231 0.10693808365833088
90173.57981802187 0.2174953955232027
91822.49461294374 0.21738111320792652
93471.40940786562 0.29343426972028674
95120.3242027875 0.0670549036888324
96769.23899770937 0.17365498126504764
98418.15379263124 0.20067685185755732
100067.06858755312 0.27093254230866454
101715.983382475 0.24014958860951824
103364.89817739687 0.24563543728055545
105013.81297231874 0.16251258612923877
106662.72776724062 0.3739162271526614
108311.6425621625 0.40140185673715967
109960.55735708437 0.38148281168438514
111609.47215200624 0.4563069435450679
113258.38694692812 0.4886957567201574
114907.30174185 0.5840954715026542
116556.21653677187 0.6643291614446778
118205.13133169374 0.7297273893675531
119854.04612661562 0.8258511894327684
121502.9609215375 1.0105664563558248
123151.87571645937 1.036829892130869
124800.79051138124 1.2501030275053717
126449.70530630312 1.5161027776139406
128098.620101225 1.8026789212687115
129747.53489614687 1.9669848814537942
131396.44969106873 2.6252403117191716
133045.3644859906 2.8895059228302458
134694.27928091248 3.630453906516868
136343.19407583436 4.461438919605352
137992.10887075623 5.749718625949459
139641.0236656781 7.410873296571245
141289.93846059998 9.063791111423532
142938.85325552186 11.32531681497111
144587.76805044373 13.499379125749401
146236.6828453656 15.375109719294935
147885.59764028748 15.408313158837258
149534.51243520936 15.213708635629228
151183.42723013123 15.882803514094972
152832.3420250531 17.209864398627033
154481.25681997498 18.94066394531136
156130.17161489686 20.852130900376704
157779.08640981873 23.07756958747532
159428.0012047406 25.49959249482628
161076.91599966248 27.57781363568759
162725.83079458436 28.993056453957195
164374.74558950623 29.815027491047374
166023.6603844281 29.024516260303628
167672.57517934998 26.719715668915587
169321.48997427186 24.0867104936983
170970.40476919373 22.94822138264729
172619.3195641156 23.056793745711584
174268.23435903748 23.24038609323843
175917.14915395936 23.647016411722635
177566.06394888123 23.925529444143407
179214.9787438031 23.779952666098456
180863.89353872498 22.658065855595925
182512.80833364686 20.54634841923773
184161.72312856873 18.488396067648104
185810.6379234906 16.0395847278592
187459.55271841248 14.628918018899974
189108.46751333436 13.516100622968882
190757.38230825623 12.473142908276799
192406.2971031781 11.380606194522894
194055.21189809998 10.183421303642874
195704.12669302186 8.912492868951826
197353.04148794373 7.830930106214181
199001.9562828656 6.494974925358154
200650.87107778748 5.636125306607546
202299.78587270936 5.046878804738497
203948.70066763123 4.404232718554583
205597.6154625531 3.801218086386149
207246.53025747498 3.348994098619864
208895.44505239686 3.002345312150821
210544.35984731873 2.685147606435989
212193.2746422406 2.182578277661004
213842.18943716248 2.040081663979464
215491.10423208436 1.73069008935374
