# PhotometricID SpectroscopicID RA DEC NUV-V NUV SpectralType T∗ log(L) log(g*) log(M) E(B−V) M(V) R∗ v(inf) v(sini) v(rad) M∗ log(Q0) L(mec)
41 208 22.05506 -73.608865 0.542 16.956 B2.5V 20.0 3.84 4.2 -8.05 0.05 -2.46 6.9 1300 75 170 28 44.9 1.25
63 264 22.553714 -73.594858 0.642 16.12 B2.5III 17.0 3.95 3.2 -8.37 0.05 -3.32 10.9 500 80 170 7 45.0 0.09
147 211 22.173419 -73.559897 -1.108 17.017 B5V 17.0 3.85 3.8 -8.45 0.18 -2.39 9.7 900 150 170 22 44.8 0.24
155 242 22.397843 -73.558189 -0.13 16.944 B1.5V 23.0 3.69 4.4 -8.34 0.05 -1.78 4.4 2500 85 170 18 45.2 2.34
161 236 22.375435 -73.557736 0.525 17.01 B2.5V 19.0 3.72 4.2 -8.6 0.05 -2.37 6.7 1200 200 170 26 44.6 0.3
163 209 22.060216 -73.554928 -0.173 16.601 B1.5V 23.0 3.76 4.4 -8.29 0.05 -2.08 4.8 2600 80 150 21 45.2 2.86
187 203 21.941908 -73.549008 0.953 15.446 B0.5(III)e 25.0 5.18 3.2 -6.85 0.25 -5.11 20.8 1100 450 130 25 47.6 14.17
202 210 22.142545 -73.546415 -0.056 15.766 B0.5III 28.0 4.52 3.6 -7.37 0.18 -3.41 7.8 1100 320 145 9 47.2 4.23
235 274 22.603233 -73.538794 -0.833 15.399 B0.5V 28.0 4.03 4.4 -7.52 0.05 -2.62 4.4 2500 120 160 18 46.4 15.65
246 225 22.305641 -73.534532 -0.065 16.466 B2(V)e 22.0 3.96 4.2 -7.58 0.05 -2.68 6.6 2400 150 160 25 45.4 12.44
248 232 22.365272 -73.533725 -0.505 15.385 B0.5V 27.0 4.03 4.4 -7.48 0.05 -2.47 4.7 2600 110 170 21 46.3 18.34
329 206 22.032075 -73.51539 -0.062 15.919 B3IV 18.0 3.72 3.8 -8.6 0.03 -2.87 7.5 800 80 170 13 44.7 0.13
356 223 22.29638 -73.511343 -0.514 15.247 B0.5(IV)e 27.0 4.43 3.6 -7.41 0.05 -3.2 7.5 1100 300 170 8 46.9 3.9
367 282 22.629027 -73.509439 -0.252 15.97 B2.5(IV)e 19.0 3.87 3.8 -8.49 0.06 -2.66 8.0 800 150 170 15 44.9 0.17
372 207 22.049438 -73.506798 0.136 15.918 B3IV 19.0 3.97 3.4 -8.42 0.05 -3.11 8.9 500 140 170 7 45.1 0.08
382 222 22.295002 -73.505106 -0.694 15.38 B0.5V 28.0 4.03 4.4 -7.52 0.05 -2.79 4.4 2500 80 170 18 46.4 15.65
442 230 22.350215 -73.495242 0.239 14.555 B1IV 25.0 4.59 4.0 -7.11 0.05 -4.55 10.5 2400 180 170 41 46.7 36.55
477 250 22.461965 -73.48612 -0.83 15.699 B2V 22.0 3.81 3.8 -7.63 0.05 -2.21 5.5 1400 120 170 7 45.4 3.79
505 214 22.196623 -73.476066 -0.368 16.338 B1(V)e 23.0 4.0 4.0 -7.48 0.16 -2.52 6.3 1900 200 170 15 45.8 9.92
558 275 22.604679 -73.463906 -1.126 14.887 B0.7V 26.0 4.06 4.2 -7.49 0.05 -2.83 5.3 2100 210 170 16 46.2 11.8
665 205 21.988217 -73.441199 -0.849 16.351 B2.5V 19.0 3.62 4.0 -8.68 0.03 -2.08 6.0 900 360 170 13 44.6 0.14
682 261 22.515583 -73.440241 -1.113 15.567 B0.7V 26.0 3.82 4.4 -7.61 0.05 -2.29 4.0 2400 80 170 15 46.0 11.69
686 273 22.597199 -73.440359 -1.013 15.906 B1.5V 23.0 3.66 4.4 -8.36 0.05 -1.94 4.3 2500 200 170 17 45.1 2.23
690 280 22.624975 -73.439286 -1.089 15.557 B1V 26.0 3.94 4.2 -7.58 0.05 -2.12 4.6 2000 50 170 12 46.1 8.7
705 234 22.367861 -73.435102 -0.63 15.419 B3IV 18.0 3.62 3.8 -8.68 0.05 -2.6 6.7 800 100 170 10 44.6 0.11
717 278 22.614047 -73.434126 -0.743 14.307 B1IV 26.0 4.73 3.6 -7.15 0.05 -4.22 11.5 1400 300 170 19 47.1 11.5
735 246 22.439279 -73.431758 -0.894 14.616 B1V 25.0 4.25 4.2 -7.31 0.03 -3.36 7.1 2500 180 180 29 46.2 25.08
737 281 22.627061 -73.431504 -1.287 14.693 B0.2V 29.0 4.11 4.4 -7.49 0.05 -2.76 4.5 2500 70 170 19 46.6 16.5
739 154 21.349681 -73.425235 -0.369 16.193 B2V 22.0 3.96 4.2 -7.58 0.05 -2.81 6.6 2400 150 160 25 45.4 12.44
749 271 22.57725 -73.429865 -0.536 15.872 B3(IV)e 18.0 3.62 3.8 -8.68 0.07 -2.45 6.7 800 120 170 10 44.6 0.11
750 265 22.554969 -73.429653 -0.668 13.995 B0.5IV 27.0 4.75 3.8 -7.12 0.08 -4.35 10.9 1800 120 180 27 47.2 20.14
782 276 22.607856 -73.425825 -0.795 15.232 B0.5V 26.0 4.14 4.2 -7.43 0.05 -2.83 5.8 2200 100 170 20 46.3 14.87
804 253 22.469393 -73.422082 -1.025 15.648 B1.5V 23.0 3.92 4.4 -8.17 0.05 -1.93 5.8 2900 130 170 30 45.4 4.69
816 284 22.654557 -73.421031 -0.75 14.278 B1.5IV 20.0 4.33 3.8 -9.09 0.02 -3.77 12.2 1000 140 170 34 45.9 0.07
825 247 22.44222 -73.419751 -0.374 16.3 B5V 16.0 3.42 3.8 -8.75 0.05 -2.18 6.7 800 90 160 10 44.3 0.09
837 287 22.679166 -73.418176 -1.195 14.042 O6V((f))z 37.0 4.75 4.2 -8.64 0.05 -3.62 5.8 1900 40 160 19 48.3 0.69
848 251 22.462978 -73.416527 -1.235 15.506 B1.5V 23.0 3.76 4.4 -8.29 0.05 -1.68 4.8 2600 80 170 21 45.2 2.86
894 212 22.189663 -73.409849 -0.784 16.058 B2.5V 20.0 3.66 4.2 -8.18 0.05 -2.13 5.6 1100 150 150 18 44.7 0.66
934 140 21.281753 -73.400654 -0.454 16.758 B2V 20.0 3.64 4.2 -8.2 0.05 -1.98 5.5 1100 80 160 18 44.7 0.63
957 147 21.311303 -73.397717 -0.439 16.12 B1V 26.0 3.9 4.4 -7.55 0.05 -2.3 4.4 2500 100 170 18 46.1 14.57
964 263 22.548141 -73.403294 -1.119 14.354 B0.2V 29.0 4.44 4.2 -7.31 0.05 -3.45 6.6 2300 80 170 25 47.0 21.23
968 257 22.503928 -73.402471 -0.828 14.133 B0.5V 27.0 4.46 4.2 -7.22 0.05 -3.96 7.8 2600 100 170 35 46.8 33.38
1024 160 21.376675 -73.388679 0.255 15.79 B1IV 25.0 4.29 4.0 -7.34 0.03 -3.52 7.5 2000 220 150 20 46.4 15.12
1031 249 22.458299 -73.393396 -0.443 14.171 B2(III)e 20.0 4.61 3.2 -7.53 0.1 -4.38 16.9 600 300 170 16 45.9 0.87
1045 159 21.365995 -73.385474 -0.373 16.597 B0.7V 26.0 3.76 4.2 -7.71 0.05 -1.88 3.7 1800 110 140 8 45.9 5.16
1073 217 22.235063 -73.386808 -1.062 14.266 B1IV 25.0 4.39 4.0 -7.26 0.05 -3.46 8.4 2100 110 160 26 46.5 19.81
1074 181 21.510684 -73.382787 -0.625 16.419 B2V 22.0 3.66 4.2 -7.81 0.05 -1.81 4.7 2000 130 170 13 45.1 5.15
1103 272 22.581426 -73.383949 -0.727 15.619 B2.5IV 19.0 3.67 3.8 -8.64 0.05 -2.38 6.3 700 90 170 9 44.7 0.09
1114 216 22.207034 -73.382094 -1.024 14.416 B0.7IV 27.0 4.38 4.0 -8.95 0.07 -3.37 7.1 1900 110 170 18 46.8 0.33
1147 219 22.267101 -73.377091 0.546 15.377 B9Ia 10.0 4.02 2.6 -7.75 0.05 -4.95 34.2 400 40 170 17 43.5 0.24
1186 142 21.291448 -73.366804 0.097 16.684 B2V 21.0 3.86 4.0 -8.1 0.05 -2.45 6.4 1900 130 170 15 45.1 2.38
1193 283 22.640363 -73.372377 -0.878 14.441 B0.5(III)e 27.0 5.01 3.4 -7.01 0.38 -4.6 14.7 1100 550 140 20 47.7 9.73
1199 256 22.492051 -73.371442 -1.274 15.251 B1.5V 23.0 3.86 4.4 -8.22 0.05 -2.38 5.4 2800 80 170 27 45.3 3.94
1220 267 22.567081 -73.368434 -1.043 15.631 B2V 20.0 3.64 4.2 -8.2 0.05 -2.18 5.5 1100 80 170 18 44.7 0.63
1224 152 21.341667 -73.361527 -0.393 16.659 B2.5V 19.0 3.52 4.2 -8.75 0.02 -2.38 5.3 1100 160 170 16 44.4 0.18
1284 286 22.669666 -73.360121 -0.342 15.566 B7IV 16.0 3.72 3.8 -8.53 0.08 -3.1 9.5 900 120 170 21 44.6 0.2
1303 268 22.56687 -73.357324 -1.061 15.809 B2V 20.0 3.64 4.2 -8.2 0.05 -2.05 5.5 1100 80 170 18 44.7 0.63
1311 148 21.318314 -73.349667 0.172 16.577 B2V 21.0 3.86 4.0 -8.1 0.1 -2.84 6.4 1900 200 170 15 45.1 2.38
1343 180 21.494138 -73.347289 -0.203 15.593 B2V 21.0 4.3 4.0 -7.77 0.0 -3.88 10.7 2400 140 160 42 45.6 8.13
1369 269 22.568338 -73.347815 -1.345 14.081 O8Vz 35.0 4.64 4.2 -7.34 0.05 -3.46 5.7 2000 160 120 19 48.0 15.23
1386 123 21.216885 -73.338385 0.108 16.203 B2IV 20.0 3.93 3.6 -7.95 0.05 -2.98 7.7 600 100 170 9 45.2 0.33
1439 165 21.402344 -73.330611 0.31 17.426 B5V 16.0 3.32 4.0 -8.83 0.05 -2.34 6.0 900 120 130 13 44.0 0.1
1449 131 21.237558 -73.32797 -0.583 16.816 B1.5V 22.0 3.46 4.2 -7.96 0.05 -1.46 3.7 1800 100 170 8 44.9 2.95
1451 183 21.517012 -73.32918 0.003 17.045 B5(V)e 16.0 3.32 4.0 -8.83 0.05 -2.62 6.0 900 160 170 13 44.0 0.1
1473 229 22.348907 -73.32934 -1.412 15.187 B1.5V 23.0 3.77 4.0 -7.65 0.02 -2.28 4.8 1600 140 160 9 45.5 4.73
1479 125 21.219967 -73.322577 -0.431 15.897 B0.5V 27.0 4.24 4.2 -7.39 0.05 -2.72 6.0 2300 220 160 21 46.5 17.86
1487 186 21.526067 -73.323925 -0.974 15.807 B0.7V 27.0 3.93 4.4 -7.56 0.05 -2.64 4.2 2400 220 170 16 46.2 13.15
1492 146 21.308841 -73.321568 -0.191 16.942 B2.5V 20.0 3.66 4.2 -8.18 0.05 -2.01 5.6 1100 120 170 18 44.7 0.66
1494 279 22.620566 -73.327778 -1.096 14.884 B2V 22.0 3.96 4.2 -7.58 0.05 -2.58 6.6 2400 220 180 25 45.4 12.44
1511 285 22.666375 -73.32575 -1.105 15.907 B1.5V 23.0 3.76 4.4 -8.29 0.05 -2.12 4.8 2600 100 170 21 45.2 2.86
1514 120 21.211062 -73.318314 -0.295 15.747 B0.2V 29.0 4.44 4.2 -7.31 0.05 -2.82 6.6 2300 30 170 25 47.0 21.23
1518 255 22.488739 -73.324473 -1.088 15.579 B2V 20.0 3.56 4.2 -8.26 0.05 -2.19 5.0 1100 80 140 15 44.6 0.55
1532 184 21.522374 -73.318438 -0.374 16.172 B2.5V 20.0 3.73 3.8 -8.6 0.05 -2.55 6.1 700 180 170 9 44.8 0.1
1544 176 21.458423 -73.315413 -0.271 16.943 B7V 14.0 3.12 3.8 -8.86 0.03 -2.07 6.2 800 220 170 9 43.7 0.07
1580 126 21.223111 -73.308061 0.117 17.545 B5V 16.0 3.42 3.8 -8.75 0.05 -1.73 6.7 800 100 160 10 44.3 0.09
1587 187 21.558866 -73.309806 -0.376 14.929 B0.5IV 28.0 4.49 4.0 -7.3 0.03 -3.79 7.5 1900 140 170 20 47.0 14.89
1627 201 21.795556 -73.306253 -1.006 15.244 B0.7V 27.0 4.03 4.4 -7.48 0.03 -2.82 4.7 2600 220 150 21 46.3 18.34
1641 215 22.19763 -73.306519 -1.102 13.939 O9.7IV 33.0 4.77 4.2 -7.28 0.05 -3.83 7.4 2300 40 170 32 47.9 23.17
1668 200 21.775747 -73.301114 -0.894 15.431 B2V 22.0 3.76 4.2 -7.73 0.05 -2.53 5.2 2200 130 140 16 45.2 7.4
1702 189 21.57586 -73.295828 -0.374 14.918 B2(III)e 20.0 4.4 3.4 -7.64 0.08 -3.98 13.2 600 120 160 16 45.7 0.68
1708 178 21.480756 -73.293474 -0.94 16.468 B2V 22.0 3.56 4.2 -7.88 0.05 -1.45 4.2 1900 120 160 10 45.0 3.91
1717 190 21.600948 -73.293302 0.613 14.916 B0.7IV 25.0 4.86 3.6 -7.01 0.05 -4.84 14.4 1600 70 200 30 47.1 20.45
1722 191 21.609688 -73.292374 -0.669 15.461 B0.5V 28.0 4.13 4.4 -7.44 0.05 -2.72 4.9 2600 110 160 22 46.5 20.11
1727 213 22.19194 -73.294928 -1.428 15.517 B1.5(V)e 24.0 3.81 4.0 -7.66 0.05 -1.97 4.7 1600 400 170 8 45.8 4.61
1744 224 22.301322 -73.29101 -0.455 13.884 B1.5(II)e 20.0 4.68 3.0 -7.52 0.05 -4.47 18.3 400 160 170 12 46.0 0.4
1754 137 21.266096 -73.283615 0.077 15.729 B1.5IV 21.0 4.26 3.6 -7.3 0.05 -3.58 10.2 1500 180 170 15 45.7 9.37
1766 151 21.338141 -73.283193 -1.014 15.972 B1.5V 22.0 3.76 4.2 -7.73 0.02 -2.26 5.2 2200 200 170 16 45.2 7.4
1773 220 22.278507 -73.287676 -1.27 15.336 B1.5V 24.0 3.94 4.2 -7.5 0.05 -2.41 5.4 2200 70 160 17 45.8 12.51
1783 136 21.259117 -73.280404 -0.05 15.743 B1(IV)e 23.0 4.31 3.8 -7.3 0.05 -3.22 9.0 1700 120 170 19 46.2 12.03
1845 164 21.396767 -73.271367 -0.798 15.712 B1V 25.0 4.09 4.0 -7.49 0.05 -2.88 5.9 1800 230 170 13 46.2 8.67
1860 188 21.56829 -73.270974 -0.523 16.536 B5V 17.0 3.55 3.8 -8.67 0.02 -2.19 6.9 800 160 160 11 44.5 0.11
1908 196 21.689612 -73.265322 -0.67 15.731 B3IV 18.0 3.62 3.8 -8.68 0.03 -2.67 6.7 800 110 170 10 44.6 0.11
1925 172 21.42385 -73.260433 -0.372 16.324 B0V 30.0 4.23 4.2 -7.5 0.09 -2.62 4.8 1900 80 170 14 47.0 9.35
1935 145 21.303475 -73.2587 -0.54 16.241 B2V 22.0 3.86 4.2 -7.66 0.05 -2.66 5.9 2300 250 150 20 45.3 9.62
1954 149 21.319876 -73.256925 -0.9 16.09 B0.5V 27.0 4.03 4.4 -7.48 0.05 -2.27 4.7 2600 100 160 21 46.3 18.34
1955 117 21.203694 -73.255716 0.244 16.689 B5(IV)e 16.0 3.82 3.4 -8.45 0.08 -2.76 10.6 600 180 170 10 44.8 0.1
1969 155 21.351098 -73.25493 -0.807 15.628 B0.5V 27.0 4.06 4.2 -7.52 0.05 -2.65 4.9 2000 100 150 14 46.3 9.9
1973 171 21.41739 -73.255041 -0.787 16.411 B1(V)e 25.0 4.13 3.8 -7.51 0.22 -2.64 6.2 1400 510 160 9 46.3 4.97
1982 195 21.646846 -73.254639 -0.03 14.593 O9.7IV 32.0 4.85 4.0 -7.16 0.05 -4.51 8.7 1900 30 170 28 48.0 20.85
2031 157 21.360468 -73.247396 0.371 17.923 B2.5(V)e 17.0 4.03 3.8 -8.31 0.08 -3.75 12.0 1000 150 160 33 45.0 0.4
2042 262 22.532573 -73.25142 -0.741 14.805 B2(III)e 20.0 4.28 3.2 -7.78 0.1 -3.57 11.5 500 180 140 8 45.6 0.34
2046 119 21.210298 -73.244248 -0.381 15.487 B0V 32.0 4.63 4.0 -7.32 0.05 -3.3 6.7 1700 250 160 17 47.8 11.41
2048 221 22.290229 -73.250387 -1.538 16.187 B2.5V 19.0 3.6 4.2 -8.69 0.05 -2.11 5.8 1200 50 170 20 44.4 0.24
2067 199 21.749472 -73.244624 -1.272 15.032 B1V 25.0 4.03 4.2 -7.48 0.05 -2.89 5.5 2200 100 160 18 46.0 13.28
2068 174 21.433967 -73.242612 -0.735 15.895 B2.5V 19.0 3.62 4.2 -8.68 0.03 -2.55 6.0 1200 280 150 21 44.5 0.25
2097 132 21.236699 -73.236747 -0.596 16.1 B2V 22.0 3.86 4.2 -7.66 0.05 -2.44 5.9 2300 150 170 20 45.3 9.62
2099 177 21.462356 -73.238387 -0.54 16.516 B5(V)e 17.0 3.45 3.8 -8.75 0.05 -1.8 6.1 700 110 150 9 44.4 0.07
2136 163 21.391804 -73.233606 -0.398 17.55 B2.5V 19.0 3.12 4.2 -9.05 0.05 -0.91 3.4 900 80 150 7 44.0 0.06
2158 179 21.48195 -73.230405 -0.777 15.613 B2.5(IV)e 19.0 4.07 3.4 -8.34 0.1 -2.96 10.0 600 250 170 9 45.2 0.14
2168 173 21.423963 -73.229213 -0.561 16.486 B2.5V 19.0 3.62 4.2 -8.68 0.05 -1.82 6.0 1200 250 150 21 44.5 0.25
2169 150 21.325381 -73.228555 -0.265 16.713 B3V 18.0 3.61 3.8 -8.32 0.05 -2.12 6.6 800 140 170 10 44.5 0.25
2186 144 21.300156 -73.226292 -0.864 16.575 B2.5V 20.0 3.36 4.2 -8.41 0.05 -1.42 4.0 1000 200 140 9 44.4 0.32
2214 194 21.63294 -73.223992 -0.878 16.45 B5V 16.0 3.27 4.0 -8.86 0.02 -2.04 5.6 900 120 170 12 44.0 0.09
2282 197 21.707125 -73.215342 -1.072 15.905 B1.5IV 21.0 3.66 3.6 -7.75 0.05 -2.03 5.1 1000 100 170 4 45.1 1.48
