242 22.554542 -73.594572 0.382 -3.0 B3III 170
201 22.173292 -73.559731 -1.368 -2.103 B5V 170
223 22.397917 -73.558575 -0.39 -2.176 B2.5V 160
221 22.375292 -73.557622 0.265 -2.11 B2.5V 170
200 22.060333 -73.554683 -0.433 -2.519 B1.5V 150
249 22.603125 -73.538586 -1.093 -3.721 B0.5V 160
213 22.305625 -73.534356 -0.325 -2.654 B2(V)e 160
219 22.364875 -73.533775 -0.765 -3.735 B0.5V 170
198 22.032417 -73.515008 -0.322 -3.201 B3IV 170
211 22.296208 -73.511025 -0.774 -3.873 B0.5(IV)e 170
255 22.62875 -73.509333 -0.512 -3.15 B2.5(IV)e 170
199 22.04975 -73.506539 -0.124 -3.202 B3IV 170
210 22.294833 -73.504828 -0.954 -3.74 B0.5V 170
217 22.350375 -73.494928 -0.021 -4.565 B1IV 170
230 22.462 -73.485925 -1.09 -3.421 B2V 170
250 22.604708 -73.463744 -1.386 -4.233 B0.7V 170
197 21.988375 -73.441108 -1.109 -2.769 B2.5V 170
239 22.515333 -73.440167 -1.373 -3.553 B0.7V 170
248 22.597083 -73.4403 -1.273 -3.214 B1.5V 170
220 22.367708 -73.435 -0.89 -3.701 B3IV 170
252 22.614375 -73.433778 -1.003 -4.813 B1IV 170
226 22.43925 -73.431517 -1.154 -4.504 B1V 180
254 22.627 -73.431239 -1.547 -4.427 B0.2V 170
150 21.349625 -73.425222 -0.629 -2.927 B2V 160
246 22.577042 -73.429733 -0.796 -3.248 B3(IV)e 170
243 22.555375 -73.429317 -0.928 -5.125 B0.5IV 180
251 22.60875 -73.425892 -1.055 -3.888 B0.5V 170
256 22.654875 -73.420669 -1.01 -4.842 B1.5IV 170
227 22.441958 -73.419681 -0.634 -2.82 B5V 160
259 22.6795 -73.417817 -1.455 -5.078 O6V((fc)) 160
231 22.462833 -73.4164 -1.495 -3.614 B1.5V 170
202 22.189625 -73.409742 -1.044 -3.062 B2.5V 150
241 22.548625 -73.403031 -1.379 -4.766 B0.2V 170
236 22.504292 -73.402286 -1.088 -4.987 B0.5V 170
156 21.376292 -73.389 -0.005 -3.33 B1IV 150
229 22.458833 -73.393142 -0.703 -4.949 B2.5(III)e 170
155 21.365208 -73.385472 -0.633 -2.523 B0.7V 140
206 22.235583 -73.386661 -1.322 -4.854 B1IV 160
177 21.51125 -73.382583 -0.885 -2.701 B2V 170
247 22.581667 -73.3839 -0.987 -3.501 B2.5IV 170
205 22.207417 -73.381936 -1.284 -4.704 B0.7IV 170
208 22.267208 -73.377064 0.286 -3.743 B9Ia 170
139 21.290667 -73.366861 -0.163 -2.436 B2V 170
235 22.492292 -73.371314 -1.534 -3.869 B1.5V 170
148 21.34125 -73.361528 -0.653 -2.461 B2.5V 170
258 22.669875 -73.360042 -0.602 -3.554 B7IV 170
144 21.317833 -73.349667 -0.088 -2.543 B2V 170
176 21.494292 -73.347194 -0.463 -3.527 B2V 160
244 22.569208 -73.347561 -1.605 -5.039 O8V 120
121 21.216458 -73.3385 -0.152 -2.917 B2IV 170
161 21.402667 -73.330417 0.05 -1.694 B5V 130
129 21.236583 -73.327889 -0.843 -2.304 B1.5V 170
179 21.51775 -73.329028 -0.257 -2.075 B5(V)e 170
216 22.349292 -73.329328 -1.672 -3.933 B1.5V 160
123 21.21925 -73.322556 -0.691 -3.223 B0.5V 160
182 21.527167 -73.323722 -1.234 -3.313 B0.7V 170
143 21.309125 -73.321694 -0.451 -2.178 B2.5V 170
253 22.621083 -73.327653 -1.356 -4.236 B2V 180
257 22.666542 -73.325708 -1.365 -3.213 B1.5V 170
118 21.210375 -73.318389 -0.555 -3.373 B0.2V 170
234 22.488958 -73.324414 -1.348 -3.541 B2V 140
180 21.523 -73.31825 -0.634 -2.948 B2.5V 170
172 21.45925 -73.315278 -0.531 -2.177 B7V 170
124 21.222333 -73.308083 -0.143 -1.575 B5V 160
183 21.559458 -73.309639 -0.636 -4.191 B0.5IV 170
196 21.795958 -73.30625 -1.266 -3.876 B0.7V 150
204 22.198417 -73.3064 -1.362 -5.181 O9.7IV 170
195 21.775958 -73.301111 -1.154 -3.689 B2V 140
185 21.576375 -73.295694 -0.634 -4.202 B2(III)e 160
174 21.481583 -73.293389 -1.2 -2.652 B2V 160
186 21.601708 -73.293417 0.353 -4.204 B0.7IV 200
187 21.610292 -73.292306 -0.929 -3.659 B0.5V 160
203 22.19225 -73.294933 -1.688 -3.603 B0.7V 170
212 22.302417 -73.290767 -0.715 -5.236 B2(II)e 170
135 21.265208 -73.283639 -0.183 -3.391 B1.5IV 170
147 21.339292 -73.282917 -1.274 -3.148 B1.5V 170
209 22.27875 -73.287578 -1.53 -3.784 B1.5V 160
134 21.25825 -73.280417 -0.31 -3.377 B1(IV)e 170
160 21.397917 -73.271 -1.058 -3.408 B1V 170
184 21.568958 -73.270944 -0.783 -2.584 B5V 160
192 21.690333 -73.265389 -0.93 -3.389 B3IV 170
168 21.425042 -73.26025 -0.632 -2.796 O9.7V 170
142 21.304042 -73.258667 -0.8 -2.879 B2V 150
145 21.321042 -73.256889 -1.16 -3.03 B0.5V 160
116 21.203625 -73.25575 -0.016 -2.431 B5(IV)e 170
151 21.352292 -73.254944 -1.067 -3.492 B0.5V 150
167 21.418583 -73.255 -1.047 -2.709 B2(III)e 160
191 21.647 -73.254556 -0.29 -4.527 O9.7IV 170
153 21.361958 -73.247306 0.111 -1.197 B2.5(V)e 160
240 22.533083 -73.251328 -1.001 -4.315 B2(III)e 140
194 21.750083 -73.244722 -1.532 -4.088 B1V 160
170 21.435083 -73.2425 -0.995 -3.225 B2.5V 150
130 21.237125 -73.23675 -0.856 -3.02 B2V 170
173 21.463458 -73.238444 -0.8 -2.604 B5(V)e 150
159 21.393458 -73.233667 -0.658 -1.57 B2.5V 150
175 21.482833 -73.230361 -1.037 -3.507 B2.5(IV)e 170
169 21.425417 -73.229167 -0.821 -2.634 B2.5V 150
146 21.32625 -73.228528 -0.525 -2.407 B3V 170
141 21.301208 -73.226278 -1.124 -2.545 B2.5V 140
190 21.633167 -73.224 -1.138 -2.67 B5V 170
193 21.707292 -73.215333 -1.332 -3.215 B1.5IV 170
