# id_1   ra_1      dec_1      nuv_v  nuv     b_v    v       id_2   ra_2      dec_2      SpectralType T∗    log(L) log(g*) log(M) E(B−V)    M(V)  R∗    v(inf) v(sini) v(rad) M∗    log(Q0) L(mec) Separation_1 ra        dec        photometered_mass Separation
  749.0  22.57725  -73.429865 -0.196 -2.648  0.071  -2.452  749.0  22.57725  -73.429865 B3(IV)e      18.0    3.62   3.8     -8.68  0.07        -2.45 6.7     800    120     170    10      44.6    0.11   0.0          22.57725  -73.429865 7.576             0.0       
  750.0  22.554969 -73.429653 -0.328 -4.525  -0.061 -4.197  750.0  22.554969 -73.429653 B0.5IV       27.0    4.75   3.8     -7.12  0.08        -4.35 10.9    1800   120     180    27      47.2    20.14  0.0          22.554969 -73.429653 9.832             0.0       
  782.0  22.607856 -73.425825 -0.455 -3.288  -0.049 -2.833  782.0  22.607856 -73.425825 B0.5V        26.0    4.14   4.2     -7.43  0.05        -2.83 5.8     2200   100     170    20      46.3    14.87  0.0          22.607856 -73.425825 8.597             0.0       
  816.0  22.654557 -73.421031 -0.41  -4.242  -0.078 -3.832  816.0  22.654557 -73.421031 B1.5IV       20.0    4.33   3.8     -9.09  0.02        -3.77 12.2    1000   140     170    34      45.9    0.07   0.0          22.654557 -73.421031 9.824             0.0       
  825.0  22.44222  -73.419751 -0.034 -2.22   0.045  -2.186  825.0  22.44222  -73.419751 B5V          16.0    3.42   3.8     -8.75  0.05        -2.18 6.7     800    90      160    10      44.3    0.09   0.0          22.44222  -73.419751 6.843             0.0       
  837.0  22.679166 -73.418176 -0.855 -4.478  -0.12  -3.623  837.0  22.679166 -73.418176 O6V((f))z    37.0    4.75   4.2     -8.64  0.05        -3.62 5.8     1900   40      160    19      48.3    0.69   0.0          22.679166 -73.418176 9.831             0.0       
  848.0  22.462978 -73.416527 -0.895 -3.014  -0.028 -2.119  848.0  22.462978 -73.416527 B1.5V        23.0    3.76   4.4     -8.29  0.05        -1.68 4.8     2600   80      170    21      45.2    2.86   0.0          22.462978 -73.416527 8.217             0.0       
  894.0  22.189663 -73.409849 -0.444 -2.462  0.049  -2.018  894.0  22.189663 -73.409849 B2.5V        20.0    3.66   4.2     -8.18  0.05        -2.13 5.6     1100   150     150    18      44.7    0.66   0.0          22.189663 -73.409849 7.389             0.0       
  964.0  22.548141 -73.403294 -0.779 -4.166  -0.058 -3.387  964.0  22.548141 -73.403294 B0.2V        29.0    4.44   4.2     -7.31  0.05        -3.45 6.6     2300   80      170    25      47.0    21.23  0.0          22.548141 -73.403294 9.745             0.0       
  968.0  22.503928 -73.402471 -0.488 -4.387  -0.024 -3.899  968.0  22.503928 -73.402471 B0.5V        27.0    4.46   4.2     -7.22  0.05        -3.96 7.8     2600   100     170    35      46.8    33.38  0.0          22.503928 -73.402471 9.835             0.0       
  1031.0 22.458299 -73.393396 -0.103 -4.349  0.123  -4.246  1031.0 22.458299 -73.393396 B2(III)e     20.0    4.61   3.2     -7.53  0.1         -4.38 16.9    600    300     170    16      45.9    0.87   0.0          22.458299 -73.393396 9.835             0.0       
  1073.0 22.235063 -73.386808 -0.722 -4.254  -0.047 -3.532  1073.0 22.235063 -73.386808 B1IV         25.0    4.39   4.0     -7.26  0.05        -3.46 8.4     2100   110     160    26      46.5    19.81  0.0          22.235063 -73.386808 9.829             0.0       
  1103.0 22.581426 -73.383949 -0.387 -2.901  0.016  -2.514  1103.0 22.581426 -73.383949 B2.5IV       19.0    3.67   3.8     -8.64  0.05        -2.38 6.3     700    90      170    9       44.7    0.09   0.0          22.581426 -73.383949 7.992             0.0       
  1114.0 22.207034 -73.382094 -0.684 -4.104  -0.026 -3.42   1114.0 22.207034 -73.382094 B0.7IV       27.0    4.38   4.0     -8.95  0.07        -3.37 7.1     1900   110     170    18      46.8    0.33   0.0          22.207034 -73.382094 9.629             0.0       
  1147.0 22.267101 -73.377091 0.886  -3.143  0.505  -4.029  1147.0 22.267101 -73.377091 B9Ia         10.0    4.02   2.6     -7.75  0.05        -4.95 34.2    400    40      170    17      43.5    0.24   0.0          22.267101 -73.377091 8.407             0.0       
  1193.0 22.640363 -73.372377 -0.538 -4.079  0.144  -3.541  1193.0 22.640363 -73.372377 B0.5(III)e   27.0    5.01   3.4     -7.01  0.38        -4.6  14.7    1100   560     140    20      47.7    9.73   0.0          22.640363 -73.372377 9.629             0.0       
  1199.0 22.492051 -73.371442 -0.934 -3.269  -0.023 -2.335  1199.0 22.492051 -73.371442 B1.5V        23.0    3.86   4.4     -8.22  0.05        -2.38 5.4     2800   80      170    27      45.3    3.94   0.0          22.492051 -73.371442 8.597             0.0       
  1284.0 22.669666 -73.360121 -0.002 -2.954  0.058  -2.952  1284.0 22.669666 -73.360121 B7IV         16.0    3.72   3.8     -8.53  0.08        -3.1  9.5     900    120     170    21      44.6    0.2    0.0          22.669666 -73.360121 8.003             0.0       
  1303.0 22.56687  -73.357324 -0.721 -2.711  -0.01  -1.99   1303.0 22.56687  -73.357324 B2V          20.0    3.64   4.2     -8.2   0.05        -2.05 5.5     1100   80      170    18      44.7    0.63   0.0          22.56687  -73.357324 7.751             0.0       
  1369.0 22.568338 -73.347815 -1.005 -4.439  -0.076 -3.434  1369.0 22.568338 -73.347815 O8Vz         35.0    4.64   4.2     -7.34  0.05        -3.46 5.7     2000   160     120    19      48.0    15.23  0.0          22.568338 -73.347815 9.831             0.0       
  1473.0 22.348907 -73.32934  -1.072 -3.333  -0.037 -2.261  1473.0 22.348907 -73.32934  B1.5V        23.0    3.77   4.0     -7.65  0.02        -2.28 4.8     1600   140     160    9       45.5    4.73   0.0          22.348907 -73.32934  8.597             0.0       
  1494.0 22.620566 -73.327778 -0.756 -3.636  -0.02  -2.88   1494.0 22.620566 -73.327778 B2V          22.0    3.96   4.2     -7.58  0.05        -2.58 6.6     2400   220     180    25      45.4    12.44  0.0          22.620566 -73.327778 9.061             0.0       
  1511.0 22.666375 -73.32575  -0.765 -2.613  -0.03  -1.848  1511.0 22.666375 -73.32575  B1.5V        23.0    3.76   4.4     -8.29  0.05        -2.12 4.8     2600   100     170    21      45.2    2.86   0.0          22.666375 -73.32575  7.576             0.0       
  1518.0 22.488739 -73.324473 -0.748 -2.941  0.001  -2.193  1518.0 22.488739 -73.324473 B2V          20.0    3.56   4.2     -8.26  0.05        -2.19 5.0     1100   80      140    15      44.6    0.55   0.0          22.488739 -73.324473 8.003             0.0       
  1641.0 22.19763  -73.306519 -0.762 -4.581  -0.029 -3.819  1641.0 22.19763  -73.306519 O9.7IV       33.0    4.77   4.2     -7.28  0.05        -3.83 7.4     2300   40      170    32      47.9    23.17  0.0          22.19763  -73.306519 9.833             0.0       
  1727.0 22.19194  -73.294928 -1.088 -3.003  -0.058 -1.915  1727.0 22.19194  -73.294928 B1.5(V)e     24.0    3.81   4.0     -7.66  0.05        -1.97 4.7     1600   400     170    8       45.8    4.61   0.0          22.19194  -73.294928 8.217             0.0       
  1744.0 22.301322 -73.29101  -0.115 -4.636  0.093  -4.521  1744.0 22.301322 -73.29101  B1.5(II)e    20.0    4.68   3.0     -7.52  0.05        -4.47 18.3    400    160     170    12      46.0    0.4    0.0          22.301322 -73.29101  9.833             0.0       
  1773.0 22.278507 -73.287676 -0.93  -3.184  -0.003 -2.254  1773.0 22.278507 -73.287676 B1.5V        24.0    3.94   4.2     -7.5   0.05        -2.41 5.4     2200   70      160    17      45.8    12.51  0.0          22.278507 -73.287676 8.407             0.0       
  2042.0 22.532573 -73.25142  -0.401 -3.715  0.096  -3.314  2042.0 22.532573 -73.25142  B2(III)e     20.0    4.28   3.2     -7.78  0.1         -3.57 11.5    500    180     140    8       45.6    0.34   0.0          22.532573 -73.25142  9.224             0.0       
  2048.0 22.290229 -73.250387 -1.198 -2.333  -0.295 -1.135  2048.0 22.290229 -73.250387 B2.5V        19.0    3.6    4.2     -8.69  0.05        -2.11 5.8     1200   50      170    20      44.4    0.24   0.0          22.290229 -73.250387 7.108             0.0       
  41.0   22.05506  -73.608865 0.882  -1.564  0.079  -2.446  41.0   22.05506  -73.608865 B2.5V        20.0    3.84   4.2     -8.05  0.05        -2.46 6.9     1300   75      170    28      44.9    1.25   0.0          22.05506  -73.608865 5.802             0.0       
  63.0   22.553714 -73.594858 0.982  -2.4    -0.031 -3.382  63.0   22.553714 -73.594858 B2.5III      17.0    3.95   3.2     -8.37  0.05        -3.32 10.9    500    80      170    7       45.0    0.09   0.0          22.553714 -73.594858 7.108             0.0       
  147.0  22.173419 -73.559897 -0.768 -1.503  1.026  -0.735  147.0  22.173419 -73.559897 B5V          17.0    3.85   3.8     -8.45  0.18        -2.39 9.7     900    150     170    22      44.8    0.24   0.0          22.173419 -73.559897 5.802             0.0       
  155.0  22.397843 -73.558189 0.21   -1.576  0.2    -1.786  155.0  22.397843 -73.558189 B1.5V        23.0    3.69   4.4     -8.34  0.05        -1.78 4.4     2500   85      170    18      45.2    2.34   0.0          22.397843 -73.558189 6.002             0.0       
  161.0  22.375435 -73.557736 0.865  -1.51   -0.037 -2.375  161.0  22.375435 -73.557736 B2.5V        19.0    3.72   4.2     -8.6   0.05        -2.37 6.7     1200   200     170    26      44.6    0.3    0.0          22.375435 -73.557736 5.802             0.0       
  163.0  22.060216 -73.554928 0.167  -1.919  0.01   -2.086  163.0  22.060216 -73.554928 B1.5V        23.0    3.76   4.4     -8.29  0.05        -2.08 4.8     2600   80      150    21      45.2    2.86   0.0          22.060216 -73.554928 6.4               0.0       
  202.0  22.142545 -73.546415 0.284  -2.754  0.073  -3.038  202.0  22.142545 -73.546415 B0.5III      28.0    4.52   3.6     -7.37  0.18        -3.41 7.8     1100   320     145    9       47.2    4.23   0.0          22.142545 -73.546415 7.751             0.0       
  235.0  22.603233 -73.538794 -0.493 -3.121  -0.1   -2.628  235.0  22.603233 -73.538794 B0.5V        28.0    4.03   4.4     -7.52  0.05        -2.62 4.4     2500   120     160    18      46.4    15.65  0.0          22.603233 -73.538794 8.407             0.0       
  246.0  22.305641 -73.534532 0.275  -2.054  0.052  -2.329  246.0  22.305641 -73.534532 B2(V)e       22.0    3.96   4.2     -7.58  0.05        -2.68 6.6     2400   150     160    25      45.4    12.44  0.0          22.305641 -73.534532 6.61              0.0       
  248.0  22.365272 -73.533725 -0.165 -3.135  -0.05  -2.97   248.0  22.365272 -73.533725 B0.5V        27.0    4.03   4.4     -7.48  0.05        -2.47 4.7     2600   110     170    21      46.3    18.34  0.0          22.365272 -73.533725 8.407             0.0       
  329.0  22.032075 -73.51539  0.278  -2.601  0.001  -2.879  329.0  22.032075 -73.51539  B3IV         18.0    3.72   3.8     -8.6   0.03        -2.87 7.5     800    80      170    13      44.7    0.13   0.0          22.032075 -73.51539  7.576             0.0       
  356.0  22.29638  -73.511343 -0.174 -3.273  0.061  -3.099  356.0  22.29638  -73.511343 B0.5(IV)e    27.0    4.43   3.6     -7.41  0.05        -3.2  7.5     1100   300     170    8       46.9    3.9    0.0          22.29638  -73.511343 8.597             0.0       
  367.0  22.629027 -73.509439 0.088  -2.55   0.028  -2.638  367.0  22.629027 -73.509439 B2.5(IV)e    19.0    3.87   3.8     -8.49  0.06        -2.66 8.0     800    150     170    15      44.9    0.17   0.0          22.629027 -73.509439 7.389             0.0       
  372.0  22.049438 -73.506798 0.476  -2.602  0.005  -3.078  372.0  22.049438 -73.506798 B3IV         19.0    3.97   3.4     -8.42  0.05        -3.11 8.9     500    140     170    7       45.1    0.08   0.0          22.049438 -73.506798 7.576             0.0       
  382.0  22.295002 -73.505106 -0.354 -3.14   -0.071 -2.786  382.0  22.295002 -73.505106 B0.5V        28.0    4.03   4.4     -7.52  0.05        -2.79 4.4     2500   80      170    18      46.4    15.65  0.0          22.295002 -73.505106 8.407             0.0       
  442.0  22.350215 -73.495242 0.579  -3.965  -0.104 -4.544  442.0  22.350215 -73.495242 B1IV         25.0    4.59   4.0     -7.11  0.05        -4.55 10.5    2400   180     170    41      46.7    36.55  0.0          22.350215 -73.495242 9.513             0.0       
  477.0  22.461965 -73.48612  -0.49  -2.821  -0.05  -2.331  477.0  22.461965 -73.48612  B2V          22.0    3.81   3.8     -7.63  0.05        -2.21 5.5     1400   120     170    7       45.4    3.79   0.0          22.461965 -73.48612  7.751             0.0       
  505.0  22.196623 -73.476066 -0.028 -2.182  0.071  -2.154  505.0  22.196623 -73.476066 B1(V)e       23.0    4.0    4.0     -7.48  0.16        -2.52 6.3     1900   200     170    15      45.8    9.92   0.0          22.196623 -73.476066 6.843             0.0       
  558.0  22.604679 -73.463906 -0.786 -3.633  -0.064 -2.847  558.0  22.604679 -73.463906 B0.7V        26.0    4.06   4.2     -7.49  0.05        -2.83 5.3     2100   210     170    16      46.2    11.8   0.0          22.604679 -73.463906 9.061             0.0       
  665.0  21.988217 -73.441199 -0.509 -2.169  0.1    -1.66   665.0  21.988217 -73.441199 B2.5V        19.0    3.62   4.0     -8.68  0.03        -2.08 6.0     900    360     170    13      44.6    0.14   0.0          21.988217 -73.441199 6.843             0.0       
  682.0  22.515583 -73.440241 -0.773 -2.953  -0.03  -2.18   682.0  22.515583 -73.440241 B0.7V        26.0    3.82   4.4     -7.61  0.05        -2.29 4.0     2400   80      170    15      46.0    11.69  0.0          22.515583 -73.440241 8.003             0.0       
  686.0  22.597199 -73.440359 -0.673 -2.614  -0.005 -1.941  686.0  22.597199 -73.440359 B1.5V        23.0    3.66   4.4     -8.36  0.05        -1.94 4.3     2500   200     170    17      45.1    2.23   0.0          22.597199 -73.440359 7.576             0.0       
  690.0  22.624975 -73.439286 -0.749 -2.963  -0.036 -2.214  690.0  22.624975 -73.439286 B1V          26.0    3.94   4.2     -7.58  0.05        -2.12 4.6     2000   50      170    12      46.1    8.7    0.0          22.624975 -73.439286 8.003             0.0       
  705.0  22.367861 -73.435102 -0.29  -3.101  0.005  -2.811  705.0  22.367861 -73.435102 B3IV         18.0    3.62   3.8     -8.68  0.05        -2.6  6.7     800    100     170    10      44.6    0.11   0.0          22.367861 -73.435102 8.217             0.0       
  717.0  22.614047 -73.434126 -0.403 -4.213  -0.063 -3.81   717.0  22.614047 -73.434126 B1IV         26.0    4.73   3.6     -7.15  0.05        -4.22 11.5    1400   300     170    19      47.1    11.5   0.0          22.614047 -73.434126 9.811             0.0       
  735.0  22.439279 -73.431758 -0.554 -3.904  -0.029 -3.35   735.0  22.439279 -73.431758 B1V          25.0    4.25   4.2     -7.31  0.03        -3.36 7.1     2500   180     180    29      46.2    25.08  0.0          22.439279 -73.431758 9.374             0.0       
  737.0  22.627061 -73.431504 -0.947 -3.827  -0.062 -2.88   737.0  22.627061 -73.431504 B0.2V        29.0    4.11   4.4     -7.49  0.05        -2.76 4.5     2500   70      170    19      46.6    16.5   0.0          22.627061 -73.431504 9.374             0.0       
  739.0  21.349681 -73.425235 -0.441 -2.9734 0.043  -2.5324 739.0  21.349681 -73.425235 B2V          22.0    3.96   4.2     -7.58  0.05        -2.81 6.6     2400   150     160    25      45.4    12.44  0.0          21.349681 -73.425235 8.003             0.0       
  934.0  21.281753 -73.400654 -0.526 -2.4084 -0.004 -1.8824 934.0  21.281753 -73.400654 B2V          20.0    3.64   4.2     -8.2   0.05        -1.98 5.5     1100   80      160    18      44.7    0.63   0.0          21.281753 -73.400654 7.108             0.0       
  957.0  21.311303 -73.397717 -0.511 -3.0464 -0.019 -2.5354 957.0  21.311303 -73.397717 B1V          26.0    3.9    4.4     -7.55  0.05        -2.3  4.4     2500   100     170    18      46.1    14.57  0.0          21.311303 -73.397717 8.217             0.0       
  1024.0 21.376675 -73.388679 0.183  -3.3764 -0.029 -3.5594 1024.0 21.376675 -73.388679 B1IV         25.0    4.29   4.0     -7.34  0.03        -3.52 7.5     2000   220     150    20      46.4    15.12  0.0          21.376675 -73.388679 8.811             0.0       
  1045.0 21.365995 -73.385474 -0.445 -2.5694 0.009  -2.1244 1045.0 21.365995 -73.385474 B0.7V        26.0    3.76   4.2     -7.71  0.05        -1.88 3.7     1800   110     140    8       45.9    5.16   0.0          21.365995 -73.385474 7.389             0.0       
  1074.0 21.510684 -73.382787 -0.697 -2.7474 0.006  -2.0504 1074.0 21.510684 -73.382787 B2V          22.0    3.66   4.2     -7.81  0.05        -1.81 4.7     2000   130     170    13      45.1    5.15   0.0          21.510684 -73.382787 7.751             0.0       
  1186.0 21.291448 -73.366804 0.025  -2.4824 0.043  -2.5074 1186.0 21.291448 -73.366804 B2V          21.0    3.86   4.0     -8.1   0.05        -2.45 6.4     1900   130     170    15      45.1    2.38   0.0          21.291448 -73.366804 7.389             0.0       
  1224.0 21.341667 -73.361527 -0.465 -2.5074 0.005  -2.0424 1224.0 21.341667 -73.361527 B2.5V        19.0    3.52   4.2     -8.75  0.02        -2.38 5.3     1100   160     170    16      44.4    0.18   0.0          21.341667 -73.361527 7.389             0.0       
  1311.0 21.318314 -73.349667 0.1    -2.5894 0.08   -2.6894 1311.0 21.318314 -73.349667 B2V          21.0    3.86   4.0     -8.1   0.1         -2.84 6.4     1900   200     170    15      45.1    2.38   0.0          21.318314 -73.349667 7.576             0.0       
  1343.0 21.494138 -73.347289 -0.275 -3.5734 0.0    -3.2984 1343.0 21.494138 -73.347289 B2V          21.0    4.3    4.0     -7.77  0.0         -3.88 10.7    2400   140     160    42      45.6    8.13   0.0          21.494138 -73.347289 8.997             0.0       
  1386.0 21.216885 -73.338385 0.036  -2.9634 0.034  -2.9994 1386.0 21.216885 -73.338385 B2IV         20.0    3.93   3.6     -7.95  0.05        -2.98 7.7     600    100     170    9       45.2    0.33   0.0          21.216885 -73.338385 8.003             0.0       
  1439.0 21.402344 -73.330611 0.238  -1.7404 0.089  -1.9784 1439.0 21.402344 -73.330611 B5V          16.0    3.32   4.0     -8.83  0.05        -2.34 6.0     900    120     130    13      44.0    0.1    0.0          21.402344 -73.330611 6.201             0.0       
  1449.0 21.237558 -73.32797  -0.655 -2.3504 -0.018 -1.6954 1449.0 21.237558 -73.32797  B1.5V        22.0    3.46   4.2     -7.96  0.05        -1.46 3.7     1800   100     170    8       44.9    2.95   0.0          21.237558 -73.32797  7.108             0.0       
  1451.0 21.517012 -73.32918  -0.069 -2.1214 0.078  -2.0524 1451.0 21.517012 -73.32918  B5(V)e       16.0    3.32   4.0     -8.83  0.05        -2.62 6.0     900    160     170    13      44.0    0.1    0.0          21.517012 -73.32918  6.843             0.0       
  1479.0 21.219967 -73.322577 -0.503 -3.2694 -0.047 -2.7664 1479.0 21.219967 -73.322577 B0.5V        27.0    4.24   4.2     -7.39  0.05        -2.72 6.0     2300   220     160    21      46.5    17.86  0.0          21.219967 -73.322577 8.597             0.0       
  1487.0 21.526067 -73.323925 -1.046 -3.3594 -0.02  -2.3134 1487.0 21.526067 -73.323925 B0.7V        27.0    3.93   4.4     -7.56  0.05        -2.64 4.2     2400   220     170    16      46.2    13.15  0.0          21.526067 -73.323925 8.597             0.0       
  1492.0 21.308841 -73.321568 -0.263 -2.2244 0.019  -1.9614 1492.0 21.308841 -73.321568 B2.5V        20.0    3.66   4.2     -8.18  0.05        -2.01 5.6     1100   120     170    18      44.7    0.66   0.0          21.308841 -73.321568 6.843             0.0       
  1514.0 21.211062 -73.318314 -0.367 -3.4194 -0.06  -3.0524 1514.0 21.211062 -73.318314 B0.2V        29.0    4.44   4.2     -7.31  0.05        -2.82 6.6     2300   30      170    25      47.0    21.23  0.0          21.211062 -73.318314 8.811             0.0       
  1532.0 21.522374 -73.318438 -0.446 -2.9944 0.046  -2.5484 1532.0 21.522374 -73.318438 B2.5V        20.0    3.73   3.8     -8.6   0.05        -2.55 6.1     700    180     170    9       44.8    0.1    0.0          21.522374 -73.318438 8.217             0.0       
  1544.0 21.458423 -73.315413 -0.343 -2.2234 0.046  -1.8804 1544.0 21.458423 -73.315413 B7V          14.0    3.12   3.8     -8.86  0.03        -2.07 6.2     800    220     170    9       43.7    0.07   0.0          21.458423 -73.315413 6.843             0.0       
  1587.0 21.558866 -73.309806 -0.448 -4.2374 -0.043 -3.7894 1587.0 21.558866 -73.309806 B0.5IV       28.0    4.49   4.0     -7.3   0.03        -3.79 7.5     1900   140     170    20      47.0    14.89  0.0          21.558866 -73.309806 9.824             0.0       
  1627.0 21.795556 -73.306253 -1.078 -3.9224 0.011  -2.8444 1627.0 21.795556 -73.306253 B0.7V        27.0    4.03   4.4     -7.48  0.03        -2.82 4.7     2600   220     150    21      46.3    18.34  0.0          21.795556 -73.306253 9.513             0.0       
  1668.0 21.775747 -73.301114 -0.966 -3.7354 0.058  -2.7694 1668.0 21.775747 -73.301114 B2V          22.0    3.76   4.2     -7.73  0.05        -2.53 5.2     2200   130     140    16      45.2    7.4    0.0          21.775747 -73.301114 9.224             0.0       
  1702.0 21.57586  -73.295828 -0.446 -4.2484 0.058  -3.8024 1702.0 21.57586  -73.295828 B2(III)e     20.0    4.4    3.4     -7.64  0.08        -3.98 13.2    600    120     160    16      45.7    0.68   0.0          21.57586  -73.295828 9.824             0.0       
  1708.0 21.480756 -73.293474 -1.012 -2.6984 0.002  -1.6864 1708.0 21.480756 -73.293474 B2V          22.0    3.56   4.2     -7.88  0.05        -1.45 4.2     1900   120     160    10      45.0    3.91   0.0          21.480756 -73.293474 7.751             0.0       
  1717.0 21.600948 -73.293302 0.541  -4.2504 -0.022 -4.7914 1717.0 21.600948 -73.293302 B0.7IV       25.0    4.86   3.6     -7.01  0.05        -4.84 14.4    1600   70      200    30      47.1    20.45  0.0          21.600948 -73.293302 9.824             0.0       
  1722.0 21.609688 -73.292374 -0.741 -3.7054 -0.031 -2.9644 1722.0 21.609688 -73.292374 B0.5V        28.0    4.13   4.4     -7.44  0.05        -2.72 4.9     2600   110     160    22      46.5    20.11  0.0          21.609688 -73.292374 9.224             0.0       
  1754.0 21.266096 -73.283615 0.005  -3.4374 -0.049 -3.4424 1754.0 21.266096 -73.283615 B1.5IV       21.0    4.26   3.6     -7.3   0.05        -3.58 10.2    1500   180     170    15      45.7    9.37   0.0          21.266096 -73.283615 8.811             0.0       
  1766.0 21.338141 -73.283193 -1.086 -3.1944 -0.035 -2.1084 1766.0 21.338141 -73.283193 B1.5V        22.0    3.76   4.2     -7.73  0.02        -2.26 5.2     2200   200     170    16      45.2    7.4    0.0          21.338141 -73.283193 8.407             0.0       
  1783.0 21.259117 -73.280404 -0.122 -3.4234 0.037  -3.3014 1783.0 21.259117 -73.280404 B1(IV)e      23.0    4.31   3.8     -7.3   0.05        -3.22 9.0     1700   120     170    19      46.2    12.03  0.0          21.259117 -73.280404 8.811             0.0       
  1845.0 21.396767 -73.271367 -0.87  -3.4544 -0.018 -2.5844 1845.0 21.396767 -73.271367 B1V          25.0    4.09   4.0     -7.49  0.05        -2.88 5.9     1800   230     170    13      46.2    8.67   0.0          21.396767 -73.271367 8.811             0.0       
  1860.0 21.56829  -73.270974 -0.595 -2.6304 0.06   -2.0354 1860.0 21.56829  -73.270974 B5V          17.0    3.55   3.8     -8.67  0.02        -2.19 6.9     800    160     160    11      44.5    0.11   0.0          21.56829  -73.270974 7.576             0.0       
  1908.0 21.689612 -73.265322 -0.742 -3.4354 0.065  -2.6934 1908.0 21.689612 -73.265322 B3IV         18.0    3.62   3.8     -8.68  0.03        -2.67 6.7     800    110     170    10      44.6    0.11   0.0          21.689612 -73.265322 8.811             0.0       
  1925.0 21.42385  -73.260433 -0.444 -2.8424 0.087  -2.3984 1925.0 21.42385  -73.260433 B0V          30.0    4.23   4.2     -7.5   0.09        -2.62 4.8     1900   80      170    14      47.0    9.35   0.0          21.42385  -73.260433 7.992             0.0       
  1954.0 21.319876 -73.256925 -0.972 -3.0764 0.052  -2.1044 1954.0 21.319876 -73.256925 B0.5V        27.0    4.03   4.4     -7.48  0.05        -2.27 4.7     2600   100     160    21      46.3    18.34  0.0          21.319876 -73.256925 8.217             0.0       
  1955.0 21.203694 -73.255716 0.172  -2.4774 0.123  -2.6494 1955.0 21.203694 -73.255716 B5(IV)e      16.0    3.82   3.4     -8.45  0.08        -2.76 10.6    600    180     170    10      44.8    0.1    0.0          21.203694 -73.255716 7.389             0.0       
  1969.0 21.351098 -73.25493  -0.879 -3.5384 -0.052 -2.6594 1969.0 21.351098 -73.25493  B0.5V        27.0    4.06   4.2     -7.52  0.05        -2.65 4.9     2000   100     150    14      46.3    9.9    0.0          21.351098 -73.25493  8.997             0.0       
  1973.0 21.41739  -73.255041 -0.859 -2.7554 0.127  -1.8964 1973.0 21.41739  -73.255041 B1(V)e       25.0    4.13   3.8     -7.51  0.22        -2.64 6.2     1400   510     160    9       46.3    4.97   0.0          21.41739  -73.255041 7.751             0.0       
  1982.0 21.646846 -73.254639 -0.102 -4.5734 -0.043 -4.4714 1982.0 21.646846 -73.254639 O9.7IV       32.0    4.85   4.0     -7.16  0.05        -4.51 8.7     1900   30      170    28      48.0    20.85  0.0          21.646846 -73.254639 9.833             0.0       
  2031.0 21.360468 -73.247396 0.299  -1.2434 0.099  -1.5424 2031.0 21.360468 -73.247396 B2.5(V)e     17.0    4.03   3.8     -8.31  0.08        -3.75 12.0    1000   150     160    33      45.0    0.4    0.0          21.360468 -73.247396 5.402             0.0       
  2046.0 21.210298 -73.244248 -0.453 -3.6794 -0.079 -3.2264 2046.0 21.210298 -73.244248 B0V          32.0    4.63   4.0     -7.32  0.05        -3.3  6.7     1700   250     160    17      47.8    11.41  0.0          21.210298 -73.244248 9.061             0.0       
  2067.0 21.749472 -73.244624 -1.344 -4.1344 -0.005 -2.7904 2067.0 21.749472 -73.244624 B1V          25.0    4.03   4.2     -7.48  0.05        -2.89 5.5     2200   100     160    18      46.0    13.28  0.0          21.749472 -73.244624 9.745             0.0       
  2068.0 21.433967 -73.242612 -0.807 -3.2714 -0.007 -2.4644 2068.0 21.433967 -73.242612 B2.5V        19.0    3.62   4.2     -8.68  0.03        -2.55 6.0     1200   280     150    21      44.5    0.25   0.0          21.433967 -73.242612 8.597             0.0       
  2097.0 21.236699 -73.236747 -0.668 -3.0664 -0.016 -2.3984 2097.0 21.236699 -73.236747 B2V          22.0    3.86   4.2     -7.66  0.05        -2.44 5.9     2300   150     170    20      45.3    9.62   0.0          21.236699 -73.236747 8.217             0.0       
  2099.0 21.462356 -73.238387 -0.612 -2.6504 0.053  -2.0384 2099.0 21.462356 -73.238387 B5(V)e       17.0    3.45   3.8     -8.75  0.05        -1.8  6.1     700    110     150    9       44.4    0.07   0.0          21.462356 -73.238387 7.576             0.0       
  2136.0 21.391804 -73.233606 -0.47  -1.6164 0.025  -1.1464 2136.0 21.391804 -73.233606 B2.5V        19.0    3.12   4.2     -9.05  0.05        -0.91 3.4     900    80      150    7       44.0    0.06   0.0          21.391804 -73.233606 6.002             0.0       
  2158.0 21.48195  -73.230405 -0.849 -3.5534 0.079  -2.7044 2158.0 21.48195  -73.230405 B2.5(IV)e    19.0    4.07   3.4     -8.34  0.1         -2.96 10.0    600    250     170    9       45.2    0.14   0.0          21.48195  -73.230405 8.997             0.0       
  2168.0 21.423963 -73.229213 -0.633 -2.6804 0.014  -2.0474 2168.0 21.423963 -73.229213 B2.5V        19.0    3.62   4.2     -8.68  0.05        -1.82 6.0     1200   250     150    21      44.5    0.25   0.0          21.423963 -73.229213 7.576             0.0       
  2169.0 21.325381 -73.228555 -0.337 -2.4534 0.075  -2.1164 2169.0 21.325381 -73.228555 B3V          18.0    3.61   3.8     -8.32  0.05        -2.12 6.6     800    140     170    10      44.5    0.25   0.0          21.325381 -73.228555 7.389             0.0       
  2186.0 21.300156 -73.226292 -0.936 -2.5914 -0.036 -1.6554 2186.0 21.300156 -73.226292 B2.5V        20.0    3.36   4.2     -8.41  0.05        -1.42 4.0     1000   200     140    9       44.4    0.32   0.0          21.300156 -73.226292 7.576             0.0       
  2214.0 21.63294  -73.223992 -0.95  -2.7164 0.05   -1.7664 2214.0 21.63294  -73.223992 B5V          16.0    3.27   4.0     -8.86  0.02        -2.04 5.6     900    120     170    12      44.0    0.09   0.0          21.63294  -73.223992 7.751             0.0       
  2282.0 21.707125 -73.215342 -1.144 -3.2614 0.09   -2.1174 2282.0 21.707125 -73.215342 B1.5IV       21.0    3.66   3.6     -7.75  0.05        -2.03 5.1     1000   100     170    4       45.1    1.48   0.0          21.707125 -73.215342 8.597             0.0       
