2310.0 21.926437 -73.212687 -1.0444 -1.64888 0.058 -0.60448
2314.0 22.30623 -73.213566 -0.7614 -1.83488 0.073 -1.07348
2316.0 22.25853 -73.21313 -0.5314 -0.93488 0.116 -0.40348
2320.0 22.342072 -73.212798 -1.0324 -2.92388 0.167 -1.89148
2322.0 22.054205 -73.211203 -0.5504 -0.27488 0.078 0.27552
2328.0 22.428138 -73.211611 -0.1594 0.55112 0.232 0.71052
2329.0 22.296006 -73.211188 -0.5094 0.73412 0.072 1.24352
2335.0 22.471845 -73.211071 -0.5544 -0.54288 0.079 0.01152
2338.0 22.527614 -73.209911 -0.3974 -1.66288 0.093 -1.26548
2339.0 22.262545 -73.209024 -1.2174 -1.90188 0.023 -0.68448
2345.0 22.039006 -73.2077 -0.3284 0.32112 0.283 0.64952
2350.0 22.120615 -73.207797 -0.3714 0.58612 0.12 0.95752
2361.0 22.256691 -73.206152 -0.7984 -1.26088 0.056 -0.46248
2373.0 22.468605 -73.203989 -0.5854 -0.31688 0.095 0.26852
2380.0 21.933585 -73.20165 -0.3404 0.58612 0.16 0.92652
2381.0 22.167294 -73.202296 5.0316 0.62412 0.912 -4.40748
2388.0 22.013161 -73.200483 -0.6864 -0.67688 0.072 0.00952
2400.0 21.985475 -73.199192 -1.4714 -3.60788 -0.017 -2.13648
2410.0 22.083067 -73.197983 -0.7764 -2.28388 0.054 -1.50748
2414.0 21.955844 -73.197251 -0.4034 -0.02888 0.082 0.37452
2420.0 22.462905 -73.197834 -0.3764 0.65112 0.023 1.02752
2421.0 22.39704 -73.197624 -0.5884 -0.70188 0.135 -0.11348
2449.0 21.971731 -73.192792 -0.8054 -1.99888 0.083 -1.19348
2459.0 22.461299 -73.193137 -1.1054 -3.42688 0.022 -2.32148
2461.0 22.210271 -73.19236 -0.2174 0.13912 0.088 0.35652
2466.0 22.028645 -73.189843 -0.3804 0.13612 0.129 0.51652
2483.0 22.323405 -73.188434 -1.0184 -2.96288 0.12 -1.94448
2484.0 22.301217 -73.188322 -0.5004 -1.69188 0.081 -1.19148
2493.0 22.432181 -73.186827 -0.0094 0.23912 0.134 0.24852
2517.0 22.021654 -73.181106 -0.1534 0.69212 0.103 0.84552
2521.0 22.065785 -73.180531 -1.1844 -1.99888 0.003 -0.81448
2523.0 21.914758 -73.17948 -0.9304 -1.75988 0.037 -0.82948
2526.0 21.932058 -73.179188 -1.1854 -2.64288 0.065 -1.45748
2539.0 22.255442 -73.179027 -0.2664 -0.31588 0.116 -0.04948
2556.0 22.059957 -73.176242 -1.1224 -2.14788 0.015 -1.02548
2557.0 22.343631 -73.177114 -0.3974 -0.33288 0.099 0.06452
2566.0 22.529067 -73.176269 -0.5634 0.00912 -0.09 0.57252
2568.0 22.471027 -73.175683 -0.4304 0.43912 0.149 0.86952
2569.0 22.25099 -73.174935 -0.8204 -1.13588 0.051 -0.31548
2573.0 22.165649 -73.174383 -0.4774 -1.63588 0.073 -1.15848
2577.0 22.058685 -73.173544 -0.9724 -0.92988 0.061 0.04252
2581.0 22.337806 -73.174131 -0.5104 0.73412 0.096 1.24452
2596.0 22.131033 -73.171428 -1.2124 -1.30988 0.059 -0.09748
2597.0 21.988767 -73.170745 -1.2964 -4.90588 -0.039 -3.60948
2601.0 22.069132 -73.170579 -0.2764 -0.34188 0.071 -0.06548
2602.0 21.935486 -73.170148 -0.8354 -0.62288 0.069 0.21252
2615.0 22.156837 -73.169473 -0.3354 0.66612 0.137 1.00152
2617.0 22.057449 -73.16891 -1.0324 -1.46488 0.055 -0.43248
2618.0 22.050438 -73.168801 -1.0954 -2.01088 0.04 -0.91548
2635.0 22.068701 -73.167075 -0.5424 -0.94888 0.092 -0.40648
2643.0 22.491325 -73.167178 1.4506 0.65212 0.593 -0.79848
2644.0 22.086873 -73.165347 -0.6094 0.08712 0.07 0.69652
2648.0 22.050327 -73.165195 -0.4574 0.25312 0.065 0.71052
2649.0 21.963966 -73.164696 -1.5454 -2.98888 -0.011 -1.44348
2660.0 22.327377 -73.164971 -0.7974 -2.66688 0.048 -1.86948
2668.0 22.425657 -73.164374 -0.4394 -0.12788 0.016 0.31152
2670.0 22.389811 -73.16321 -0.5414 0.19112 0.056 0.73252
2677.0 22.09475 -73.161615 -0.2684 -0.07988 0.113 0.18852
2678.0 22.002608 -73.161709 0.6226 0.69912 0.529 0.07652
2697.0 21.941796 -73.158183 -0.5384 -0.29588 0.138 0.24252
2719.0 22.508774 -73.157457 -0.4054 -1.71988 0.071 -1.31448
2737.0 21.95872 -73.151642 -0.7824 -1.72688 0.044 -0.94448
2747.0 22.450382 -73.151815 0.1066 -0.47388 0.095 -0.58048
2751.0 22.064628 -73.150337 3.6916 0.61612 0.828 -3.07548
2755.0 22.131283 -73.149214 -1.3274 -3.52288 0.008 -2.19548
2757.0 22.256069 -73.149174 -0.1564 0.49212 0.138 0.64852
2779.0 22.307526 -73.145153 -0.5784 0.04412 0.106 0.62252
2782.0 22.27427 -73.144829 -0.4364 0.74012 0.02 1.17652
2783.0 22.224862 -73.144541 -0.0174 0.50712 -0.077 0.52452
2786.0 22.291686 -73.144168 -1.4224 -3.41888 -0.029 -1.99648
2794.0 22.574359 -73.14375 -0.3464 -1.56788 0.1 -1.22148
2800.0 22.38307 -73.141731 -0.3454 0.34812 0.107 0.69352
2801.0 21.995092 -73.140403 -0.5344 -0.60788 0.14 -0.07348
2803.0 22.411843 -73.140891 -0.2714 0.37112 0.106 0.64252
2806.0 22.355143 -73.140126 -0.1774 0.24312 0.13 0.42052
2817.0 21.968707 -73.136429 -1.3434 -3.15988 0.004 -1.81648
2819.0 22.173908 -73.137062 -0.5064 0.03412 0.105 0.54052
2829.0 22.101621 -73.134421 -0.2804 0.33112 0.051 0.61152
2830.0 22.601928 -73.135363 -0.9484 -1.40388 -0.112 -0.45548
2831.0 22.042874 -73.133963 -0.6414 -0.75088 0.078 -0.10948
2847.0 22.306276 -73.131397 -0.9354 -1.24588 0.037 -0.31048
2855.0 22.284077 -73.128731 -1.2054 -2.22288 0.003 -1.01748
2867.0 22.379391 -73.125985 -0.3004 0.47712 0.054 0.77752
2868.0 22.115645 -73.124666 -0.5024 0.04612 0.04 0.54852
2877.0 22.121832 -73.122021 -0.3334 0.60612 0.138 0.93952
2883.0 22.320442 -73.121902 -0.1404 0.58112 0.107 0.72152
2900.0 22.150253 -73.11864 -0.4884 0.16512 0.134 0.65352
2902.0 22.116851 -73.117854 -0.8084 -1.33188 0.069 -0.52348
2903.0 22.103912 -73.117866 -0.8584 -0.82488 0.037 0.03352
2915.0 21.962445 -73.115086 -0.5904 -0.75188 0.065 -0.16148
2918.0 22.306846 -73.115951 -1.1194 -1.25488 0.015 -0.13548
2924.0 22.242398 -73.115234 -1.1154 -3.24388 0.03 -2.12848
2925.0 22.249478 -73.114697 -0.4314 -0.91588 0.106 -0.48448
2932.0 21.938692 -73.112337 -0.7874 -0.66888 0.103 0.11852
2947.0 21.989508 -73.109959 -0.6954 -0.14588 0.091 0.54952
2959.0 22.481176 -73.108605 -0.9814 -3.52588 0.134 -2.54448
2964.0 22.201106 -73.107115 -0.0664 0.56312 0.122 0.62952
2968.0 21.985629 -73.105112 -0.4954 -0.48788 0.108 0.00752
2976.0 22.30328 -73.105902 -0.7594 -2.31388 0.048 -1.55448
2977.0 22.005786 -73.104161 -0.4564 -0.24288 0.081 0.21352
2984.0 22.019164 -73.102116 -0.7964 -0.30488 0.116 0.49152
2989.0 22.32082 -73.102717 -0.3254 0.15712 0.078 0.48252
2990.0 22.050126 -73.101785 -1.3074 -4.56088 -0.024 -3.25348
2991.0 21.974766 -73.101306 -0.6654 -0.64488 0.081 0.02052
3003.0 22.123553 -73.098462 -0.4754 -2.20888 0.076 -1.73348
3009.0 22.515008 -73.098904 -0.5204 0.15312 0.08 0.67352
3015.0 22.009629 -73.094843 -0.8164 -0.02188 0.425 0.79452
3018.0 22.042411 -73.093994 -1.4104 -4.27488 -0.026 -2.86448
3019.0 22.00005 -73.093473 -0.0034 0.65712 0.18 0.66052
3028.0 22.004672 -73.091888 -0.5404 -0.31288 0.102 0.22752
3031.0 21.949827 -73.090783 -0.3874 0.66812 0.232 1.05552
3034.0 22.061207 -73.090669 -0.9774 -2.26488 0.025 -1.28748
3044.0 22.182993 -73.090202 -0.5414 -2.02788 0.066 -1.48648
3045.0 22.313509 -73.09022 -0.2824 -0.76588 0.08 -0.48348
3046.0 21.967517 -73.088826 -0.7804 0.00712 0.079 0.78752
3050.0 22.556256 -73.089828 -1.1014 -0.45988 0.157 0.64152
3051.0 21.940537 -73.087681 -1.3874 -4.50288 -0.045 -3.11548
3058.0 22.087481 -73.086455 3.0496 -0.04688 0.717 -3.09648
3065.0 21.905942 -73.084279 -0.9524 -1.62888 0.051 -0.67648
3071.0 22.235408 -73.084582 -1.3514 -4.69288 -0.04 -3.34148
3072.0 22.506258 -73.08504 4.1536 -0.85788 0.755 -5.01148
3074.0 22.075706 -73.083006 -0.4234 0.33312 0.065 0.75652
3085.0 22.534904 -73.082499 4.3206 0.10212 0.836 -4.21848
3102.0 22.638663 -73.079188 -0.2264 -1.13588 0.08 -0.90948
3115.0 22.099359 -73.075535 -1.3934 -2.84188 -0.01 -1.44848
3123.0 22.077036 -73.073898 -0.5954 -0.35088 0.07 0.24452
3130.0 22.191692 -73.073379 3.0516 0.27412 0.728 -2.77748
3137.0 22.350723 -73.072932 -0.2704 0.36712 0.111 0.63752
3140.0 22.306028 -73.07236 -0.3094 -0.67388 0.092 -0.36448
3147.0 21.989151 -73.069721 -0.4704 0.57112 0.132 1.04152
3154.0 22.521628 -73.070469 -0.5544 0.16212 0.064 0.71652
3157.0 22.443799 -73.070223 -0.3464 0.17912 0.064 0.52552
3164.0 22.137869 -73.067057 -0.4724 0.43912 0.171 0.91152
3168.0 22.560669 -73.067507 -0.6004 -1.63288 0.076 -1.03248
3176.0 22.08416 -73.06483 -0.4804 -0.19688 0.24 0.28352
3184.0 22.54551 -73.065082 4.6406 0.65312 0.833 -3.98748
3185.0 22.370904 -73.063769 -0.6234 -1.83088 0.061 -1.20748
3192.0 22.186558 -73.06149 -0.5934 -0.87288 0.119 -0.27948
3197.0 21.927257 -73.06004 -0.8224 -3.33688 0.04 -2.51448
3205.0 22.496077 -73.058351 -0.5214 -0.35688 0.15 0.16452
3216.0 22.014137 -73.052224 -0.3944 0.05312 0.667 0.44752
3218.0 22.416963 -73.05307 -0.8364 -0.71388 0.081 0.12252
3219.0 21.980525 -73.051576 -0.7384 -0.57488 0.074 0.16352
3221.0 22.529224 -73.052965 3.7996 0.25612 1.285 -3.54348
3222.0 22.428734 -73.052929 -0.4444 0.49212 0.056 0.93652
3223.0 22.046467 -73.051235 -0.5234 -1.00288 0.09 -0.47948
3230.0 22.04479 -73.049362 -0.5684 -0.17688 0.102 0.39152
3234.0 22.302806 -73.049535 -0.7214 -0.79588 0.098 -0.07448
3235.0 22.254821 -73.049485 -0.6164 -1.14588 0.231 -0.52948
3244.0 22.612957 -73.048654 -0.6664 -0.64488 0.055 0.02152
3249.0 22.503539 -73.047617 -0.1994 -0.22088 0.137 -0.02148
3250.0 22.258894 -73.046267 -0.4714 -0.21088 0.103 0.26052
3255.0 22.221349 -73.045378 -0.7424 -2.41188 0.067 -1.66948
3261.0 22.381037 -73.044856 0.2426 -0.02188 0.181 -0.26448
3274.0 22.113227 -73.038826 -0.8674 -0.88888 -0.117 -0.02148
3275.0 22.160337 -73.038252 -0.9704 -1.27888 0.082 -0.30848
3277.0 22.521136 -73.038523 0.3406 0.71212 0.172 0.37152
3278.0 22.105334 -73.037175 0.0946 0.04312 0.13 -0.05148
3289.0 22.596353 -73.035161 -0.5044 -0.32588 0.039 0.17852
3298.0 22.576143 -73.03294 -0.7334 -1.72888 0.039 -0.99548
738.0 21.937163 -73.429168 -0.172 0.072 0.088 0.244
740.0 22.232066 -73.429989 -0.42 -1.283 0.046 -0.863
749.0 22.57725 -73.429865 -0.196 -2.648 0.071 -2.452
750.0 22.554969 -73.429653 -0.328 -4.525 -0.061 -4.197
751.0 22.476269 -73.429514 -0.26 -0.309 0.08 -0.049
754.0 22.323248 -73.42858 -0.55 -1.438 0.034 -0.888
758.0 22.116486 -73.426609 0.116 0.983 0.183 0.867
759.0 21.907289 -73.425774 -0.183 -1.52 0.162 -1.337
763.0 22.211006 -73.426296 2.575 0.64 1.239 -1.935
770.0 22.566785 -73.426943 -0.079 0.813 0.101 0.892
771.0 21.949039 -73.424697 0.241 0.876 0.143 0.635
778.0 22.47637 -73.42654 0.4 0.984 0.126 0.584
779.0 22.446353 -73.425992 -0.539 -0.966 0.048 -0.427
782.0 22.607856 -73.425825 -0.455 -3.288 -0.049 -2.833
788.0 22.432131 -73.425153 -0.645 -1.767 0.011 -1.122
795.0 22.633083 -73.424408 -0.378 -1.802 0.027 -1.424
796.0 22.591906 -73.424164 -0.081 0.122 0.09 0.203
804.0 22.469393 -73.422082 -0.685 -2.872 -0.018 -2.187
808.0 22.521815 -73.421731 -0.506 1.006 0.328 1.512
809.0 22.435593 -73.421523 -0.126 -0.577 0.075 -0.451
813.0 22.256096 -73.420285 0.371 -0.013 0.128 -0.384
816.0 22.654557 -73.421031 -0.41 -4.242 -0.078 -3.832
817.0 22.616927 -73.421189 -0.338 -1.817 0.017 -1.479
818.0 22.583877 -73.420817 -0.517 -0.241 0.048 0.276
820.0 22.515671 -73.420453 0.031 0.782 0.188 0.751
821.0 22.178309 -73.419573 0.002 0.316 0.097 0.314
825.0 22.44222 -73.419751 -0.034 -2.22 0.045 -2.186
829.0 22.642427 -73.419549 -0.365 -1.906 0.042 -1.541
831.0 22.380615 -73.418329 -0.264 -1.924 0.046 -1.66
837.0 22.679166 -73.418176 -0.855 -4.478 -0.12 -3.623
841.0 22.473416 -73.417409 -0.447 -2.8 0.018 -2.353
842.0 22.137822 -73.416136 0.76 0.5 0.173 -0.26
848.0 22.462978 -73.416527 -0.895 -3.014 -0.028 -2.119
861.0 21.998398 -73.413849 0.042 -0.249 0.17 -0.291
867.0 22.666628 -73.414935 -0.462 -1.089 0.014 -0.627
874.0 22.072688 -73.411837 -0.119 0.165 0.119 0.284
875.0 21.910178 -73.411229 0.152 -0.086 0.219 -0.238
884.0 22.382685 -73.411873 -0.505 -0.954 0.06 -0.449
886.0 22.223949 -73.410747 -0.4 -1.873 0.038 -1.473
894.0 22.189663 -73.409849 -0.444 -2.462 0.049 -2.018
900.0 22.415897 -73.409648 -0.7 -1.999 0.0 -1.299
911.0 22.508551 -73.408537 0.128 1.021 0.142 0.893
912.0 22.108848 -73.40743 -0.194 -1.937 0.055 -1.743
913.0 21.98002 -73.406313 -0.259 -0.995 0.099 -0.736
919.0 22.494934 -73.407956 -0.416 -0.064 0.084 0.352
920.0 22.427497 -73.407888 -0.23 -0.081 0.1 0.149
921.0 22.056575 -73.406473 -0.288 -1.249 0.1 -0.961
926.0 22.089903 -73.405896 0.076 0.182 0.095 0.106
931.0 22.178726 -73.405976 1.349 0.017 0.232 -1.332
940.0 22.344876 -73.405834 -0.186 -1.746 0.053 -1.56
942.0 22.592159 -73.405638 -0.24 -0.325 0.054 -0.085
943.0 22.516846 -73.405751 0.069 0.574 0.17 0.505
955.0 22.306693 -73.403319 0.102 0.907 0.006 0.805
958.0 22.279627 -73.4032 0.104 0.738 0.139 0.634
964.0 22.548141 -73.403294 -0.779 -4.166 -0.058 -3.387
965.0 22.395259 -73.402512 0.218 0.352 0.063 0.134
968.0 22.503928 -73.402471 -0.488 -4.387 -0.024 -3.899
974.0 22.647033 -73.401505 -0.545 -0.586 0.029 -0.041
976.0 22.431954 -73.400889 -0.688 -2.1 0.017 -1.412
977.0 22.377505 -73.401077 0.137 0.804 0.063 0.667
981.0 22.440049 -73.400588 -0.798 -2.112 -0.094 -1.314
991.0 22.590205 -73.399976 -0.213 0.499 0.044 0.712
993.0 22.33173 -73.399134 -0.467 -1.151 0.053 -0.684
998.0 22.354549 -73.398354 -0.237 -0.733 0.066 -0.496
999.0 22.143663 -73.397514 -0.43 -2.024 0.066 -1.594
1000.0 22.631393 -73.398787 -0.3 -1.609 0.03 -1.309
1001.0 22.003474 -73.396353 -0.316 -1.417 0.095 -1.101
1002.0 21.919324 -73.395753 0.124 0.854 0.204 0.73
1006.0 22.210149 -73.396787 0.17 0.894 0.064 0.724
1011.0 22.138986 -73.395681 -0.269 0.889 0.195 1.158
1019.0 22.260768 -73.394155 -0.225 0.245 0.09 0.47
1020.0 22.179867 -73.394053 0.186 0.577 0.121 0.391
1022.0 22.578168 -73.394748 -0.156 -0.006 0.1 0.15
1026.0 22.15291 -73.393133 0.332 0.833 0.117 0.501
1027.0 21.914357 -73.392162 -0.094 -1.165 0.154 -1.071
1031.0 22.458299 -73.393396 -0.103 -4.349 0.123 -4.246
1033.0 22.658828 -73.393176 -0.512 -1.089 0.035 -0.577
1034.0 22.607609 -73.393071 -0.391 -0.392 0.053 -0.001
1037.0 22.091668 -73.390968 -0.323 -0.223 0.113 0.1
1039.0 22.506761 -73.392374 0.095 0.777 0.075 0.682
1048.0 22.473276 -73.390859 -0.584 -1.108 0.009 -0.524
1053.0 22.425645 -73.390087 0.321 0.92 0.13 0.599
1056.0 22.442927 -73.389795 -0.93 -4.24 -0.058 -3.31
1059.0 22.185554 -73.388347 -0.177 -0.788 0.06 -0.611
1067.0 22.645155 -73.388344 -0.574 -1.672 0.029 -1.098
1068.0 22.213275 -73.387217 -0.594 -1.028 0.025 -0.434
1069.0 21.976936 -73.386109 0.109 0.777 0.122 0.668
1073.0 22.235063 -73.386808 -0.722 -4.254 -0.047 -3.532
1080.0 21.987473 -73.384372 -0.412 -0.337 0.069 0.075
1083.0 22.527134 -73.385843 -0.435 -0.873 0.067 -0.438
1093.0 22.604472 -73.384909 -0.05 -0.001 -0.023 0.049
1094.0 22.105247 -73.383157 -0.199 0.167 0.155 0.366
1099.0 22.424154 -73.384061 -0.347 -0.477 0.045 -0.13
1100.0 21.971106 -73.382135 -0.326 -1.228 0.148 -0.902
1103.0 22.581426 -73.383949 -0.387 -2.901 0.016 -2.514
1104.0 22.452437 -73.383814 -0.205 0.92 -0.005 1.125
1114.0 22.207034 -73.382094 -0.684 -4.104 -0.026 -3.42
1115.0 22.280224 -73.381761 -0.484 -2.277 0.042 -1.793
1118.0 22.261025 -73.381281 -0.123 -1.62 0.362 -1.497
1120.0 22.375159 -73.381495 -0.272 0.111 0.075 0.383
1123.0 22.523717 -73.381528 -0.028 -0.271 0.093 -0.243
1126.0 22.444024 -73.380894 -0.849 -1.742 -0.027 -0.893
1127.0 22.330468 -73.380214 0.008 0.7 0.096 0.692
1128.0 22.240432 -73.379635 -0.002 -0.765 0.08 -0.763
1132.0 22.167261 -73.379001 -0.302 -1.135 0.072 -0.833
1135.0 22.496949 -73.379698 -0.053 0.672 0.042 0.725
1140.0 22.643172 -73.379118 -0.573 -1.618 0.068 -1.045
1144.0 21.96928 -73.376793 0.156 -0.074 0.113 -0.23
1146.0 22.306152 -73.377369 -0.639 -3.155 0.003 -2.516
1147.0 22.267101 -73.377091 0.886 -3.143 0.505 -4.029
1150.0 21.941488 -73.375483 0.241 0.717 0.212 0.476
1151.0 22.55852 -73.377459 -0.546 -0.586 0.025 -0.04
1152.0 22.18794 -73.376283 0.441 0.731 0.107 0.29
1165.0 22.50526 -73.374416 0.217 0.477 0.089 0.26
1166.0 22.03569 -73.372901 -0.22 -0.73 0.141 -0.51
1167.0 21.966211 -73.372669 -0.302 -0.689 0.152 -0.387
1175.0 22.185489 -73.372951 0.292 1.023 0.067 0.731
1183.0 22.155226 -73.372344 -1.073 -2.545 -0.014 -1.472
1184.0 22.083563 -73.372162 -0.382 -1.132 0.12 -0.75
1185.0 22.137008 -73.371491 -0.189 -0.32 0.07 -0.131
1187.0 22.32326 -73.371876 0.223 0.598 0.056 0.375
1193.0 22.640363 -73.372377 -0.538 -4.079 0.144 -3.541
1194.0 22.194103 -73.371023 4.364 0.151 0.806 -4.213
1199.0 22.492051 -73.371442 -0.934 -3.269 -0.023 -2.335
1205.0 22.399254 -73.370214 0.232 0.996 0.066 0.764
1209.0 22.133888 -73.369165 -0.166 -0.39 0.064 -0.224
1212.0 21.941035 -73.367484 0.034 0.764 0.119 0.73
1217.0 21.930867 -73.366615 4.299 0.461 0.822 -3.838
1220.0 22.567081 -73.368434 -0.703 -2.889 -0.014 -2.186
1229.0 22.380804 -73.366377 0.287 1.038 0.133 0.751
1230.0 22.665377 -73.367166 2.424 -3.915 0.194 -6.339
1231.0 22.298146 -73.366266 -0.198 -0.831 0.086 -0.633
1240.0 22.1053 -73.364194 -0.205 -1.331 0.088 -1.126
1241.0 21.991309 -73.36322 0.226 0.349 0.146 0.123
1247.0 22.6366 -73.364627 -0.419 -0.155 0.019 0.264
1257.0 22.415446 -73.362523 -0.015 0.449 0.03 0.464
1259.0 22.295453 -73.362196 -0.291 0.054 0.008 0.345
1267.0 22.540532 -73.361971 -0.802 -1.686 -0.005 -0.884
1268.0 22.337539 -73.361258 0.333 0.903 0.075 0.57
1274.0 22.03827 -73.359225 -0.252 -0.57 0.121 -0.318
1277.0 22.567217 -73.360294 -0.174 -0.786 0.07 -0.612
1278.0 22.39242 -73.360189 -0.011 0.869 -0.013 0.88
1281.0 22.373934 -73.35968 -0.639 -1.703 0.032 -1.064
1284.0 22.669666 -73.360121 -0.002 -2.954 0.058 -2.952
1285.0 22.578205 -73.359666 -0.219 -0.355 0.077 -0.136
1295.0 22.588623 -73.358171 -0.702 -1.145 0.013 -0.443
1296.0 22.208554 -73.357461 -0.037 0.013 0.063 0.05
1301.0 22.170293 -73.356265 -0.439 -1.488 0.029 -1.049
1303.0 22.56687 -73.357324 -0.721 -2.711 -0.01 -1.99
1309.0 22.063262 -73.354664 -0.037 -0.602 0.113 -0.565
1316.0 22.425245 -73.354367 0.335 -0.409 0.098 -0.744
1320.0 22.053061 -73.352655 -0.255 0.059 0.088 0.314
1321.0 22.003461 -73.352285 -0.173 -0.221 0.123 -0.048
1325.0 22.643677 -73.354172 -0.825 -2.355 -0.019 -1.53
1327.0 21.943724 -73.351714 -0.843 -1.326 0.053 -0.483
1331.0 22.179369 -73.352358 0.027 0.16 0.098 0.133
1332.0 22.309041 -73.352643 -0.298 0.165 0.072 0.463
1335.0 22.383037 -73.352367 0.091 0.001 0.084 -0.09
1336.0 22.335781 -73.352226 -0.303 -1.046 0.077 -0.743
1338.0 22.083679 -73.350997 0.345 0.629 0.107 0.284
1342.0 22.049269 -73.350465 0.23 0.296 0.145 0.066
1346.0 22.600799 -73.351924 -0.462 -1.458 0.039 -0.996
1347.0 22.056473 -73.350492 0.175 0.875 0.143 0.7
1353.0 22.43355 -73.350605 -0.249 -0.842 0.03 -0.593
1354.0 22.267333 -73.350007 0.228 0.953 0.159 0.725
1355.0 22.276622 -73.349772 -0.799 -0.977 0.046 -0.178
1356.0 21.94157 -73.348243 -0.675 -2.162 0.067 -1.487
1360.0 22.022356 -73.347735 -0.231 -0.014 0.101 0.217
1365.0 22.403539 -73.347789 0.076 -0.162 0.121 -0.238
1366.0 22.57773 -73.348166 0.038 -0.01 0.053 -0.048
1367.0 22.087316 -73.346521 -0.095 0.273 0.072 0.368
1368.0 21.957634 -73.346049 0.904 -0.639 0.17 -1.543
1369.0 22.568338 -73.347815 -1.005 -4.439 -0.076 -3.434
1370.0 22.357158 -73.34711 -0.354 -0.699 0.106 -0.345
1373.0 22.599414 -73.347129 -0.421 -0.207 0.022 0.214
1374.0 22.530907 -73.34696 -0.127 0.375 -0.315 0.502
1375.0 22.41162 -73.346664 -0.509 -1.332 0.033 -0.823
1376.0 22.198292 -73.345705 0.054 -0.585 0.098 -0.639
1384.0 21.951292 -73.343409 -0.302 -1.224 0.087 -0.922
1388.0 22.432924 -73.3443 -0.011 0.012 0.035 0.023
1389.0 22.36214 -73.344358 -0.024 0.566 0.173 0.59
1393.0 22.224315 -73.343347 -0.319 -1.23 0.058 -0.911
1399.0 22.559806 -73.343885 -0.527 -1.045 0.034 -0.518
1400.0 22.547463 -73.343506 -0.741 -2.432 0.003 -1.691
1402.0 21.965254 -73.341079 -0.43 -1.906 0.129 -1.476
1404.0 22.595775 -73.342912 -2.491 -3.449 0.003 -0.958
1405.0 22.479743 -73.342722 -0.912 -3.192 -0.025 -2.28
1406.0 22.433701 -73.34255 0.095 0.783 0.122 0.688
1407.0 22.329572 -73.341776 -0.527 -1.157 0.059 -0.63
1409.0 22.056425 -73.340665 -0.327 -1.294 0.117 -0.967
1417.0 22.329617 -73.340134 -0.6 -1.342 -0.005 -0.742
1418.0 22.173274 -73.339493 -0.15 0.528 0.069 0.678
1423.0 22.451905 -73.339077 0.009 0.843 0.165 0.834
1425.0 22.351411 -73.338227 0.04 0.312 0.047 0.272
1426.0 22.05291 -73.337049 -0.43 -1.282 0.113 -0.852
1428.0 22.225873 -73.337552 -0.04 0.31 0.044 0.35
1429.0 22.408984 -73.337365 -0.395 0.483 0.034 0.878
1430.0 22.186324 -73.336773 0.07 0.689 0.092 0.619
1435.0 22.003798 -73.334698 0.056 0.092 0.397 0.036
1436.0 22.175703 -73.334668 -0.578 -2.172 -0.013 -1.594
1437.0 22.069911 -73.334404 4.22 0.652 0.924 -3.568
1443.0 22.385429 -73.335298 -0.435 -0.619 0.013 -0.184
1456.0 22.395909 -73.33214 -0.497 -1.132 0.003 -0.635
1463.0 22.248609 -73.330511 -0.971 -2.483 -0.005 -1.512
1473.0 22.348907 -73.32934 -1.072 -3.333 -0.037 -2.261
1474.0 22.310943 -73.328953 -0.067 -0.52 0.078 -0.453
1475.0 22.15231 -73.328753 0.082 0.512 0.06 0.43
1476.0 22.106574 -73.328448 -0.128 0.669 0.111 0.797
1486.0 22.484111 -73.328958 0.099 0.568 0.037 0.469
1490.0 22.514545 -73.327815 -0.139 -1.85 0.043 -1.711
1491.0 22.32022 -73.327489 -0.462 -0.106 0.032 0.356
1494.0 22.620566 -73.327778 -0.756 -3.636 -0.02 -2.88
1495.0 22.045398 -73.325873 -0.223 0.039 0.142 0.262
1498.0 22.258043 -73.326445 -0.646 -1.542 -0.005 -0.896
1499.0 22.245313 -73.326545 -0.204 -0.219 0.072 -0.015
1511.0 22.666375 -73.32575 -0.765 -2.613 -0.03 -1.848
1512.0 22.392517 -73.325068 -0.034 -0.645 0.075 -0.611
1518.0 22.488739 -73.324473 -0.748 -2.941 0.001 -2.193
1519.0 22.437788 -73.324463 -1.126 -2.848 -0.27 -1.722
1520.0 22.018245 -73.32277 -0.096 0.754 0.183 0.85
1526.0 22.629718 -73.323395 -0.026 0.378 0.059 0.404
1527.0 22.255009 -73.322672 -0.947 -2.844 -0.018 -1.897
1531.0 21.981837 -73.321104 -0.261 -1.564 0.105 -1.303
1533.0 22.277176 -73.321726 -0.483 -1.801 0.059 -1.318
1536.0 22.640532 -73.322166 0.858 0.921 0.134 0.063
1538.0 22.059022 -73.319608 0.185 0.362 0.186 0.177
1539.0 22.001328 -73.319306 -0.219 0.137 0.16 0.356
1541.0 22.118248 -73.319401 0.005 0.703 0.047 0.698
1545.0 22.133191 -73.318653 -0.141 0.865 0.107 1.006
1549.0 22.385355 -73.318991 -0.162 0.016 0.05 0.178
1551.0 22.347755 -73.318934 -0.348 -0.016 0.089 0.332
1558.0 21.974895 -73.316308 0.195 0.112 0.619 -0.083
1562.0 22.124583 -73.317159 0.296 0.974 0.061 0.678
1564.0 22.298849 -73.316946 -0.34 -0.475 0.039 -0.135
1567.0 22.414492 -73.316423 -0.117 0.235 0.087 0.352
1568.0 22.235394 -73.315846 -0.226 0.104 0.194 0.33
1572.0 22.544375 -73.315776 0.536 -4.648 0.182 -5.184
1590.0 22.51101 -73.31354 -0.186 0.672 0.123 0.858
1591.0 22.063134 -73.312263 -0.448 -0.592 0.08 -0.144
1593.0 21.915601 -73.311242 -0.504 -0.233 0.177 0.271
1596.0 22.178854 -73.311977 3.668 -0.349 0.743 -4.017
1598.0 22.267357 -73.311689 -0.46 -1.6 0.055 -1.14
1599.0 21.937505 -73.310109 -0.334 -0.596 0.146 -0.262
1601.0 22.515339 -73.312033 -0.159 -0.84 0.049 -0.681
1602.0 22.426153 -73.31177 -0.42 -2.236 0.03 -1.816
1603.0 22.400572 -73.311917 -0.548 -2.818 0.036 -2.27
1606.0 22.124558 -73.310563 -0.209 0.086 0.093 0.295
1611.0 22.606227 -73.311515 5.273 -0.44 0.836 -5.713
1612.0 22.081121 -73.309695 0.126 0.924 0.179 0.798
1619.0 22.106961 -73.308844 0.037 0.922 0.156 0.885
1625.0 22.612947 -73.309464 -0.093 0.669 0.152 0.762
1626.0 22.147018 -73.308274 0.421 0.85 0.25 0.429
1636.0 22.413555 -73.307916 -0.48 -0.657 0.024 -0.177
1641.0 22.19763 -73.306519 -0.762 -4.581 -0.029 -3.819
1644.0 22.148116 -73.305445 0.009 0.957 0.153 0.948
1645.0 22.128031 -73.305196 -0.259 0.021 0.048 0.28
1662.0 22.173546 -73.303398 -1.276 -3.204 -0.036 -1.928
1663.0 22.127343 -73.303549 0.195 0.732 0.155 0.537
1664.0 21.942393 -73.302655 -0.218 0.583 0.065 0.801
1671.0 22.560983 -73.303952 -0.438 -0.534 0.061 -0.096
1675.0 22.301828 -73.303053 -0.505 0.007 0.048 0.512
1678.0 22.101521 -73.301617 -0.858 -3.065 0.033 -2.207
1680.0 22.462311 -73.302176 -0.179 0.355 0.036 0.534
1681.0 22.352795 -73.301965 -0.414 -1.969 0.029 -1.555
1691.0 22.536325 -73.301344 -0.602 -0.313 0.071 0.289
1694.0 21.948386 -73.298695 -0.468 -2.148 0.15 -1.68
1696.0 22.466546 -73.300381 -0.484 -0.632 0.05 -0.148
1698.0 22.584496 -73.300163 0.115 -0.227 0.057 -0.342
1699.0 22.287977 -73.299388 -0.936 -2.99 0.005 -2.054
1711.0 21.950479 -73.295717 -0.677 -2.174 0.102 -1.497
1726.0 22.247979 -73.295261 -0.564 -1.371 0.064 -0.807
1727.0 22.19194 -73.294928 -1.088 -3.003 -0.058 -1.915
1729.0 22.395191 -73.294373 -0.228 -1.15 0.093 -0.922
1737.0 22.445615 -73.292959 -0.633 -0.828 0.024 -0.195
1738.0 22.279523 -73.291997 0.464 0.347 0.11 -0.117
1743.0 22.532642 -73.291635 0.54 1.021 0.127 0.481
1744.0 22.301322 -73.29101 -0.115 -4.636 0.093 -4.521
1745.0 22.255159 -73.291017 -0.609 -1.047 0.075 -0.438
1746.0 22.246874 -73.29103 -0.095 0.25 0.028 0.345
1753.0 22.604112 -73.290595 -0.287 -0.661 0.056 -0.374
1767.0 21.994977 -73.286868 -0.351 -0.579 0.186 -0.228
1773.0 22.278507 -73.287676 -0.93 -3.184 -0.003 -2.254
1780.0 21.938717 -73.285479 4.118 0.064 0.797 -4.054
1790.0 22.198201 -73.284996 -0.086 0.428 0.066 0.514
1796.0 22.473325 -73.284426 -0.388 -0.49 0.036 -0.102
1799.0 22.659611 -73.283801 0.019 0.406 0.118 0.387
1803.0 22.226072 -73.282525 -0.071 0.764 0.064 0.835
1813.0 22.106742 -73.280971 -0.461 -1.844 0.066 -1.383
1825.0 22.037317 -73.278244 -0.49 -1.836 0.081 -1.346
1835.0 22.238757 -73.277988 -0.684 -2.283 0.029 -1.599
1843.0 22.047158 -73.27548 -0.165 0.755 0.481 0.92
1850.0 22.435852 -73.276467 -0.283 0.376 -0.07 0.659
1856.0 22.312021 -73.274995 4.882 0.123 0.876 -4.759
1865.0 22.512791 -73.274969 -0.157 -1.649 0.048 -1.492
1867.0 21.954966 -73.272675 -0.932 0.539 0.227 1.471
1878.0 22.20398 -73.272559 -0.671 -1.36 0.043 -0.689
1881.0 22.58147 -73.273412 0.054 0.128 0.072 0.074
1900.0 22.049234 -73.268948 -0.144 0.981 0.197 1.125
1902.0 22.345254 -73.269031 -0.433 -0.394 0.1 0.039
1905.0 22.006961 -73.267514 -0.615 -1.382 0.088 -0.767
1922.0 22.343503 -73.26571 -0.361 -4.57 0.202 -4.209
1923.0 21.96653 -73.264173 -0.726 -1.273 0.151 -0.547
1933.0 22.299251 -73.264202 -0.257 -0.701 0.092 -0.444
1934.0 22.217514 -73.264276 -0.038 -0.21 0.124 -0.172
1939.0 22.210452 -73.263632 -0.328 -0.585 0.077 -0.257
1943.0 22.096684 -73.262898 -0.203 -0.377 0.144 -0.174
1952.0 22.529055 -73.263072 -0.432 -0.67 0.098 -0.238
1957.0 22.210518 -73.261781 -0.192 0.035 0.105 0.227
1971.0 22.25608 -73.259674 -0.375 -0.668 0.116 -0.293
1972.0 21.996273 -73.258702 -0.402 -0.423 0.185 -0.021
1981.0 22.427644 -73.258707 0.166 0.218 0.126 0.052
1986.0 22.147794 -73.257032 2.234 0.442 0.367 -1.792
1990.0 22.455444 -73.257816 -0.028 -0.418 0.066 -0.39
1991.0 22.005131 -73.256027 -0.234 0.404 0.403 0.638
1995.0 22.274611 -73.256496 -0.925 -2.677 0.012 -1.752
1998.0 22.053684 -73.254721 -0.341 0.668 0.417 1.009
2024.0 22.295636 -73.252613 -0.156 0.384 0.064 0.54
2025.0 22.12101 -73.252266 -0.762 -1.306 0.066 -0.544
2029.0 22.668909 -73.253385 0.169 -0.913 0.051 -1.082
2038.0 22.382575 -73.251319 -0.259 -0.037 0.087 0.222
2042.0 22.532573 -73.25142 -0.401 -3.715 0.096 -3.314
2047.0 22.462788 -73.250617 -0.178 0.386 0.09 0.564
2048.0 22.290229 -73.250387 -1.198 -2.333 -0.295 -1.135
2054.0 22.231857 -73.24853 -0.803 -3.486 0.067 -2.683
2059.0 22.152962 -73.247171 3.45 -2.448 0.76 -5.898
2065.0 22.395616 -73.247606 -0.413 0.138 0.026 0.551
2078.0 22.06405 -73.24543 1.064 -1.845 0.212 -2.909
2096.0 22.186931 -73.242727 -0.633 -1.467 0.075 -0.834
2098.0 22.00809 -73.241168 -0.536 0.626 -0.176 1.162
2105.0 22.471464 -73.242554 0.471 1.026 0.146 0.555
2109.0 21.948833 -73.240394 -0.371 -0.356 0.444 0.015
2115.0 21.933366 -73.23936 -0.466 -0.637 0.296 -0.171
2116.0 21.92172 -73.239557 0.095 0.465 0.305 0.37
2118.0 22.242736 -73.240474 -0.111 0.612 0.496 0.723
2126.0 22.521254 -73.240426 0.454 0.746 0.155 0.292
2130.0 22.127023 -73.238778 0.12 -0.605 0.171 -0.725
2139.0 22.081171 -73.237532 -0.451 0.275 0.471 0.726
2160.0 22.022183 -73.233446 -0.163 0.231 0.322 0.394
2166.0 22.313064 -73.233899 -0.619 -2.758 0.13 -2.139
2171.0 22.465142 -73.234185 -0.128 0.785 0.133 0.913
2175.0 22.282208 -73.232537 -0.412 -2.348 0.075 -1.936
2188.0 22.416522 -73.231507 -0.022 0.966 0.174 0.988
2189.0 22.393849 -73.231341 -0.155 0.03 0.131 0.185
2205.0 22.185889 -73.227751 -0.55 -0.814 0.46 -0.264
2210.0 22.405417 -73.228108 -0.83 -2.545 0.048 -1.715
2217.0 22.398623 -73.22737 -0.218 -1.525 0.149 -1.307
2219.0 22.285041 -73.226289 -0.025 0.237 0.156 0.262
2229.0 22.494989 -73.225712 0.18 0.921 0.236 0.741
2230.0 22.398745 -73.225811 -0.256 -0.963 0.109 -0.707
2231.0 22.29926 -73.224999 0.191 0.997 0.902 0.806
2232.0 22.170747 -73.224864 -0.338 0.169 0.102 0.507
2233.0 21.983527 -73.22403 -0.217 -0.357 0.257 -0.14
2241.0 22.425581 -73.224789 -0.416 0.147 0.062 0.563
2249.0 22.443415 -73.223714 -0.224 -0.288 0.079 -0.064
2250.0 22.391933 -73.223411 -0.314 -2.516 0.192 -2.202
2251.0 21.969843 -73.221917 -0.272 -0.985 0.159 -0.713
2253.0 22.051662 -73.221786 -0.262 -0.328 0.172 -0.066
2255.0 22.197593 -73.222173 -0.2 0.936 0.061 1.136
2263.0 22.321174 -73.221515 -0.486 0.814 0.066 1.3
2264.0 22.257563 -73.220904 -0.461 -0.983 0.105 -0.522
2266.0 22.305554 -73.220697 -0.941 -4.068 0.171 -3.127
2278.0 22.445722 -73.219328 -0.449 -0.81 0.089 -0.361
2299.0 22.287398 -73.216157 -0.414 -2.319 0.152 -1.905
19.0 22.440311 -73.629155 1.49 0.417 0.089 -1.073
21.0 22.45822 -73.625553 0.59 -0.103 0.043 -0.693
32.0 22.672076 -73.620089 0.504 -0.7 -0.016 -1.204
35.0 22.277417 -73.618025 0.935 0.387 0.17 -0.548
41.0 22.05506 -73.608865 0.882 -1.564 0.079 -2.446
48.0 22.647771 -73.605247 0.71 0.045 -0.02 -0.665
52.0 22.140639 -73.602309 -2.007 0.677 0.353 2.684
55.0 22.603824 -73.60029 0.459 -1.133 0.005 -1.592
63.0 22.553714 -73.594858 0.982 -2.4 -0.031 -3.382
72.0 22.067782 -73.589135 0.513 0.35 0.161 -0.163
78.0 22.041152 -73.586128 0.546 -1.594 0.054 -2.14
79.0 22.681701 -73.587987 0.181 -1.342 -0.028 -1.523
83.0 22.450585 -73.586162 0.159 0.706 0.83 0.547
85.0 22.230527 -73.584061 1.168 -0.189 0.101 -1.357
94.0 21.93962 -73.576273 0.393 0.009 0.045 -0.384
96.0 22.447511 -73.577723 0.776 -0.783 0.031 -1.559
97.0 22.317048 -73.576464 0.507 1.019 0.056 0.512
101.0 22.557976 -73.574948 0.473 -0.307 0.05 -0.78
102.0 22.29186 -73.574398 0.428 0.268 0.079 -0.16
109.0 22.005127 -73.57018 0.818 0.848 0.143 0.03
110.0 22.264126 -73.570574 4.714 -2.039 0.611 -6.753
114.0 22.446369 -73.570597 0.548 0.53 0.102 -0.018
119.0 22.094236 -73.568413 0.419 0.108 0.011 -0.311
120.0 21.923001 -73.567339 0.258 -0.671 0.57 -0.929
121.0 22.058586 -73.567701 0.412 0.42 0.117 0.008
127.0 22.684187 -73.566798 0.928 0.852 0.123 -0.076
128.0 22.147262 -73.565789 0.478 0.46 0.041 -0.018
132.0 22.404088 -73.564377 0.043 0.869 0.409 0.826
135.0 22.006064 -73.562653 0.331 0.392 0.132 0.061
137.0 22.405651 -73.563306 0.755 0.53 0.305 -0.225
143.0 22.386441 -73.560883 1.956 -1.455 -0.086 -3.411
144.0 22.346295 -73.5613 -0.949 0.898 0.165 1.847
147.0 22.173419 -73.559897 -0.768 -1.503 1.026 -0.735
149.0 22.507063 -73.560653 -0.258 -1.799 -0.071 -1.541
155.0 22.397843 -73.558189 0.21 -1.576 0.2 -1.786
161.0 22.375435 -73.557736 0.865 -1.51 -0.037 -2.375
163.0 22.060216 -73.554928 0.167 -1.919 0.01 -2.086
164.0 21.968441 -73.554485 0.685 0.781 0.077 0.096
167.0 22.284028 -73.554132 0.534 0.894 0.066 0.36
168.0 22.256882 -73.554136 -0.994 0.191 0.271 1.185
171.0 22.233368 -73.553783 0.703 0.654 0.04 -0.049
173.0 22.050067 -73.552353 0.53 0.594 0.123 0.064
176.0 22.060438 -73.552002 0.375 -0.79 0.092 -1.165
186.0 22.022182 -73.549756 0.202 -0.765 0.041 -0.967
187.0 21.941908 -73.549008 1.293 -3.074 0.609 -4.367
191.0 22.608188 -73.550437 0.331 -0.528 0.054 -0.859
193.0 21.954868 -73.548333 0.549 -0.267 0.037 -0.816
196.0 22.175461 -73.548248 0.347 0.002 0.091 -0.345
202.0 22.142545 -73.546415 0.284 -2.754 0.073 -3.038
212.0 22.071897 -73.543114 0.968 0.961 0.138 -0.007
214.0 22.488145 -73.543401 0.332 -0.039 0.027 -0.371
220.0 22.089018 -73.541269 0.566 0.827 0.101 0.261
221.0 22.345919 -73.54106 0.419 0.001 0.091 -0.418
224.0 22.418952 -73.540758 0.463 0.99 0.077 0.527
232.0 22.284832 -73.539275 0.379 -0.39 0.055 -0.769
233.0 22.065752 -73.538206 0.243 0.63 0.1 0.387
234.0 22.386389 -73.538998 0.101 -1.576 -0.018 -1.677
235.0 22.603233 -73.538794 -0.493 -3.121 -0.1 -2.628
236.0 22.573983 -73.538389 3.513 -1.709 0.243 -5.222
238.0 22.633482 -73.538178 -0.47 -2.395 -0.055 -1.925
242.0 22.623605 -73.536944 0.076 -1.046 0.014 -1.122
243.0 22.54573 -73.536299 0.155 -0.321 0.041 -0.476
245.0 22.433433 -73.535214 0.302 -1.135 0.003 -1.437
246.0 22.305641 -73.534532 0.275 -2.054 0.052 -2.329
248.0 22.365272 -73.533725 -0.165 -3.135 -0.05 -2.97
253.0 22.6059 -73.533362 -0.544 -2.267 -0.076 -1.723
254.0 22.457187 -73.532712 0.265 0.497 0.075 0.232
258.0 22.308863 -73.531788 2.851 -1.509 1.255 -4.36
262.0 22.410008 -73.531005 0.411 0.686 -0.003 0.275
266.0 22.393674 -73.530203 0.521 0.298 0.048 -0.223
269.0 22.403348 -73.529608 0.404 -0.0 0.062 -0.404
273.0 22.265662 -73.528381 0.645 -0.122 0.035 -0.767
275.0 22.459728 -73.52943 0.293 0.682 0.043 0.389
276.0 22.366675 -73.528967 -1.158 -0.487 0.02 0.671
278.0 22.615225 -73.52865 0.476 0.892 0.074 0.416
281.0 22.487785 -73.527608 -0.136 -1.884 -0.033 -1.748
282.0 22.302408 -73.52684 0.195 0.251 0.007 0.056
285.0 22.479583 -73.526153 0.461 0.558 0.048 0.097
286.0 22.24328 -73.525305 0.356 -0.265 0.008 -0.621
288.0 22.49607 -73.525474 0.31 -0.8 0.026 -1.11
289.0 22.142931 -73.524042 0.059 -0.378 0.06 -0.437
294.0 22.090103 -73.522807 0.139 -0.965 0.073 -1.104
304.0 22.102079 -73.520985 0.126 -0.35 0.039 -0.476
311.0 22.050401 -73.519001 0.09 -0.503 0.137 -0.593
313.0 22.076314 -73.519081 0.251 -1.391 0.043 -1.642
314.0 21.971879 -73.518671 0.345 -0.572 0.075 -0.917
315.0 22.638338 -73.519756 0.276 0.622 -0.002 0.346
316.0 22.480666 -73.519828 0.006 -0.092 0.013 -0.098
317.0 22.388004 -73.519558 0.625 0.269 0.037 -0.356
327.0 22.405938 -73.516872 0.399 -0.076 0.063 -0.475
328.0 22.091215 -73.515742 0.303 -0.678 0.039 -0.981
329.0 22.032075 -73.51539 0.278 -2.601 0.001 -2.879
331.0 22.212564 -73.516063 0.555 0.591 0.101 0.036
338.0 22.4758 -73.514633 -0.204 -2.5 -0.026 -2.296
342.0 22.267021 -73.513624 -0.005 -0.995 -0.008 -0.99
343.0 22.052654 -73.512877 0.347 0.251 0.068 -0.096
348.0 22.249974 -73.511914 0.255 0.385 0.095 0.13
352.0 22.088426 -73.511033 0.048 -1.674 0.02 -1.722
356.0 22.29638 -73.511343 -0.174 -3.273 0.061 -3.099
357.0 22.065983 -73.510153 0.037 -1.17 -0.221 -1.207
361.0 22.138712 -73.509451 0.308 -0.311 0.042 -0.619
367.0 22.629027 -73.509439 0.088 -2.55 0.028 -2.638
368.0 22.214539 -73.508434 0.056 -0.349 0.032 -0.405
372.0 22.049438 -73.506798 0.476 -2.602 0.005 -3.078
378.0 22.23493 -73.506273 0.502 0.344 0.149 -0.158
382.0 22.295002 -73.505106 -0.354 -3.14 -0.071 -2.786
383.0 21.92395 -73.503933 0.197 -1.598 0.546 -1.795
391.0 22.398036 -73.504037 0.234 0.274 0.026 0.04
392.0 22.168806 -73.503317 -0.122 -0.75 -0.108 -0.628
397.0 22.50638 -73.503091 0.142 -0.733 0.021 -0.875
404.0 22.248128 -73.501108 6.317 0.525 0.917 -5.792
420.0 22.527182 -73.498066 0.271 0.276 0.005 0.005
421.0 22.510558 -73.498161 0.175 0.17 0.048 -0.005
425.0 22.430269 -73.49778 -0.471 -1.905 -0.034 -1.434
435.0 21.994893 -73.495241 0.07 -0.65 0.095 -0.72
442.0 22.350215 -73.495242 0.579 -3.965 -0.104 -4.544
443.0 22.204655 -73.495068 0.438 0.952 0.168 0.514
453.0 22.289813 -73.492923 0.038 0.329 0.032 0.291
458.0 22.275009 -73.491664 0.549 0.832 0.064 0.283
463.0 22.432598 -73.490713 4.621 -0.931 0.69 -5.552
464.0 22.428419 -73.490428 0.353 0.316 0.013 -0.037
465.0 22.058528 -73.489252 -0.025 0.525 0.098 0.55
476.0 22.521363 -73.486909 0.007 0.103 0.087 0.096
477.0 22.461965 -73.48612 -0.49 -2.821 -0.05 -2.331
483.0 21.981631 -73.481853 0.07 -0.335 0.111 -0.405
485.0 22.442998 -73.483576 0.126 0.343 0.031 0.217
490.0 21.994314 -73.479337 0.329 0.281 0.112 -0.048
495.0 22.432092 -73.479351 0.219 0.425 0.008 0.206
502.0 22.327733 -73.477382 0.013 -0.28 0.086 -0.293
504.0 22.657547 -73.477501 4.341 -0.906 0.554 -5.247
505.0 22.196623 -73.476066 -0.028 -2.182 0.071 -2.154
513.0 22.479959 -73.474562 -0.351 -0.157 0.001 0.194
514.0 22.465471 -73.474379 -0.246 0.341 0.06 0.587
515.0 22.092764 -73.473172 -0.206 -2.118 0.01 -1.912
517.0 21.981712 -73.472391 0.036 -0.499 0.082 -0.535
520.0 22.009814 -73.471898 -0.261 -1.631 0.062 -1.37
521.0 22.668231 -73.473435 0.183 -0.113 0.049 -0.296
522.0 22.153809 -73.471606 4.155 0.994 0.747 -3.161
533.0 22.542023 -73.470615 0.319 0.739 0.091 0.42
536.0 22.611288 -73.469954 0.39 0.617 0.089 0.227
537.0 22.302242 -73.468933 -0.089 -1.263 0.04 -1.174
541.0 22.676636 -73.468087 -0.26 -0.222 0.01 0.038
544.0 21.933937 -73.464933 -0.101 -0.396 0.096 -0.295
553.0 22.517748 -73.46509 -0.235 -0.516 0.087 -0.281
555.0 22.35171 -73.463769 0.105 -0.428 0.011 -0.533
556.0 22.301305 -73.46358 -0.362 -1.016 -0.022 -0.654
558.0 22.604679 -73.463906 -0.786 -3.633 -0.064 -2.847
559.0 22.499644 -73.463448 0.113 0.906 0.047 0.793
560.0 22.407138 -73.463537 -0.379 -0.92 0.062 -0.541
561.0 21.974982 -73.461741 0.218 -0.814 0.114 -1.032
565.0 22.152859 -73.461009 0.432 0.68 0.125 0.248
566.0 22.202284 -73.461205 0.197 0.701 0.097 0.504
569.0 22.671203 -73.462085 -0.403 -2.228 -0.013 -1.825
570.0 22.6276 -73.461893 -0.326 -0.069 -0.056 0.257
571.0 22.222582 -73.460775 0.039 0.265 0.03 0.226
580.0 22.523161 -73.46002 0.231 0.741 0.143 0.51
581.0 22.460269 -73.45988 0.491 0.925 0.106 0.434
592.0 22.417534 -73.45784 -0.313 -1.414 0.021 -1.101
595.0 22.197516 -73.455823 0.294 0.96 0.186 0.666
598.0 22.513247 -73.456573 -0.305 -0.917 0.04 -0.612
601.0 22.482094 -73.45628 0.224 0.178 0.094 -0.046
602.0 22.470136 -73.456231 -0.818 -1.893 -0.037 -1.075
607.0 22.576179 -73.454911 -0.693 -1.403 0.005 -0.71
609.0 22.530363 -73.453875 -0.139 -1.255 0.043 -1.116
614.0 22.432781 -73.453604 -0.731 -2.574 -0.054 -1.843
621.0 22.532121 -73.452155 -0.775 -2.29 -0.032 -1.515
622.0 22.375827 -73.451812 -0.476 -2.272 -0.02 -1.796
626.0 21.934585 -73.449355 -0.021 -0.336 0.064 -0.315
633.0 22.490156 -73.449285 -0.798 -1.718 -0.136 -0.92
635.0 22.525227 -73.44895 -0.314 -1.163 -0.019 -0.849
642.0 22.336409 -73.447814 0.251 1.038 0.188 0.787
643.0 22.536533 -73.447835 -0.403 -2.019 0.03 -1.616
645.0 22.549406 -73.447794 -0.14 0.489 0.074 0.629
647.0 22.098445 -73.445583 0.161 0.015 0.112 -0.146
650.0 22.35564 -73.446189 -0.173 -1.505 0.014 -1.332
657.0 22.414779 -73.444533 0.107 0.902 0.062 0.795
663.0 22.442349 -73.443674 0.248 0.849 0.149 0.601
665.0 21.988217 -73.441199 -0.509 -2.169 0.1 -1.66
669.0 22.46887 -73.442735 0.41 1.047 0.086 0.637
674.0 22.560456 -73.441378 0.296 0.377 0.108 0.081
682.0 22.515583 -73.440241 -0.773 -2.953 -0.03 -2.18
684.0 22.035406 -73.438781 -0.262 0.17 -0.498 0.432
686.0 22.597199 -73.440359 -0.673 -2.614 -0.005 -1.941
687.0 22.385291 -73.439877 0.255 0.682 0.078 0.427
690.0 22.624975 -73.439286 -0.749 -2.963 -0.036 -2.214
691.0 22.480535 -73.43894 -0.393 0.04 0.055 0.433
696.0 22.671748 -73.437587 -0.799 -2.54 -0.06 -1.741
698.0 22.298332 -73.436161 -0.045 0.981 0.13 1.026
705.0 22.367861 -73.435102 -0.29 -3.101 0.005 -2.811
711.0 22.481292 -73.434434 -0.57 -1.148 0.026 -0.578
712.0 22.176925 -73.433429 0.005 0.469 0.123 0.464
717.0 22.614047 -73.434126 -0.403 -4.213 -0.063 -3.81
718.0 22.521076 -73.433457 0.228 0.577 0.112 0.349
720.0 22.028197 -73.431558 0.225 0.004 0.096 -0.221
725.0 22.21558 -73.432139 4.701 0.949 0.88 -3.752
729.0 22.597994 -73.432537 0.641 0.552 0.14 -0.089
730.0 22.565825 -73.432652 -0.032 -0.307 0.07 -0.275
731.0 22.502795 -73.432402 -0.185 0.9 0.142 1.085
732.0 21.957985 -73.430555 -0.071 0.463 0.164 0.534
735.0 22.439279 -73.431758 -0.554 -3.904 -0.029 -3.35
737.0 22.627061 -73.431504 -0.947 -3.827 -0.062 -2.88
734.0 21.724856 -73.428596 0.17005 0.18116 0.147 0.01111
739.0 21.349681 -73.425235 -0.40495 -2.91684 0.05 -2.51189
742.0 21.517313 -73.426454 -0.27495 -1.53084 0.174 -1.25589
743.0 21.324896 -73.42493 -0.87395 -2.56384 -0.018 -1.68989
746.0 21.594194 -73.426489 0.22305 -0.02484 0.146 -0.24789
767.0 21.524262 -73.422224 -0.35695 -1.44984 0.06 -1.09289
773.0 21.383697 -73.421189 -0.26695 -1.05184 0.071 -0.78489
780.0 21.640799 -73.422528 2.85605 -0.33384 1.075 -3.18989
792.0 21.695242 -73.421173 -0.32095 -1.25684 0.084 -0.93589
793.0 21.317802 -73.418368 -0.12695 -0.97784 0.049 -0.85089
807.0 21.333286 -73.416341 -0.15595 -1.61184 0.016 -1.45589
814.0 21.44811 -73.415975 -0.06395 -0.56684 0.086 -0.50289
826.0 21.719737 -73.416759 -0.57595 -1.57584 0.064 -0.99989
832.0 21.349961 -73.413127 -0.16495 -0.27884 0.084 -0.11389
833.0 21.46109 -73.413249 -0.37195 -2.65384 0.017 -2.28189
843.0 21.377112 -73.41155 0.13305 -3.44684 -0.02 -3.57989
856.0 21.479075 -73.411413 -0.55195 -0.62584 0.069 -0.07389
857.0 21.617638 -73.411931 -0.57995 -1.98384 0.053 -1.40389
858.0 21.409226 -73.410298 -0.37795 -2.03584 0.011 -1.65789
862.0 21.347096 -73.409734 -0.01995 0.18216 0.09 0.20211
870.0 21.359502 -73.408324 0.14705 -0.49784 0.129 -0.64489
876.0 21.900819 -73.410958 -0.63995 -2.99984 0.08 -2.35989
878.0 21.375099 -73.407569 -0.04195 -2.14884 0.057 -2.10689
881.0 21.877841 -73.410685 -0.46895 -1.69684 0.094 -1.22789
905.0 21.755934 -73.406075 -0.49295 0.06316 0.126 0.55611
909.0 21.87809 -73.406185 -0.15595 0.32916 0.059 0.48511
914.0 21.823094 -73.405455 -1.13595 -2.96884 0.034 -1.83289
932.0 21.454097 -73.402285 0.03405 0.23016 0.06 0.19611
933.0 21.44208 -73.40172 -0.37695 -0.67184 0.075 -0.29489
934.0 21.281753 -73.400654 -0.48995 -2.35184 0.003 -1.86189
951.0 21.722393 -73.401121 -0.75595 -1.56584 0.071 -0.80989
952.0 21.448133 -73.399824 0.01905 -0.63984 0.047 -0.65889
957.0 21.311303 -73.397717 -0.47495 -2.98984 -0.012 -2.51489
959.0 21.89926 -73.401494 3.61005 -1.11584 0.761 -4.72589
961.0 21.543194 -73.39851 0.29805 -3.71784 -0.014 -4.01589
962.0 21.461787 -73.398659 -0.39595 -2.54384 0.04 -2.14789
963.0 21.392667 -73.397593 -0.03795 -1.20684 0.115 -1.16889
969.0 21.300117 -73.395746 0.18905 0.05916 0.155 -0.12989
972.0 21.369322 -73.395471 -0.14895 -1.03484 0.06 -0.88589
973.0 21.35125 -73.395854 0.04805 -1.65084 0.062 -1.69889
985.0 21.772201 -73.397418 -0.05295 0.09016 0.101 0.14311
986.0 21.750401 -73.397247 -0.07995 -0.50684 0.168 -0.42689
987.0 21.492026 -73.395684 -0.04695 0.36116 0.128 0.40811
988.0 21.458631 -73.395213 4.54805 -2.02984 0.783 -6.57789
994.0 21.708346 -73.396165 0.13705 -4.06984 -0.02 -4.20689
1007.0 21.437944 -73.392355 1.03905 -0.78684 0.165 -1.82589
1009.0 21.348276 -73.391021 -0.03795 -2.34784 0.028 -2.30989
1016.0 21.566747 -73.391185 -0.34395 0.05016 0.117 0.39411
1021.0 21.789601 -73.392288 -0.00095 -1.07784 0.118 -1.07689
1024.0 21.376675 -73.388679 0.21905 -3.31984 -0.022 -3.53889
1028.0 21.392917 -73.388732 0.00805 -0.96484 0.078 -0.97289
1042.0 21.466268 -73.386863 -0.50195 -2.38984 0.033 -1.88789
1043.0 21.825258 -73.388684 -0.91195 -3.91384 0.111 -3.00189
1044.0 21.75349 -73.388255 -0.11695 0.38316 0.188 0.50011
1045.0 21.365995 -73.385474 -0.40895 -2.51284 0.016 -2.10389
1049.0 21.458142 -73.385716 -0.08395 0.43716 0.165 0.52111
1064.0 21.86798 -73.386422 -0.46395 -0.25684 0.113 0.20711
1065.0 21.691958 -73.385113 -0.24195 -0.43384 0.144 -0.19189
1066.0 21.414008 -73.383277 -0.34595 -1.54884 0.029 -1.20289
1074.0 21.510684 -73.382787 -0.66095 -2.69084 0.013 -2.02989
1075.0 21.343444 -73.381495 -0.17895 -1.12284 0.088 -0.94389
1077.0 21.277191 -73.380476 -0.17595 0.11516 0.099 0.29111
1078.0 21.355085 -73.38066 -0.44795 -1.94384 0.027 -1.49589
1096.0 21.648845 -73.380868 -0.33295 -0.75384 0.096 -0.42089
1097.0 21.329426 -73.378695 0.24105 0.22216 0.237 -0.01889
1108.0 21.293503 -73.377443 -0.42495 -2.05484 0.006 -1.62989
1116.0 21.343389 -73.376747 -0.16095 -0.85784 0.062 -0.69689
1121.0 21.778698 -73.378502 0.05305 0.33716 0.207 0.28411
1122.0 21.37461 -73.376402 0.20205 0.03616 0.085 -0.16589
1143.0 21.378344 -73.373669 -0.14595 -0.09084 0.078 0.05511
1145.0 21.288459 -73.372061 -0.06095 0.36716 0.177 0.42811
1148.0 21.797178 -73.374948 -0.27295 -0.56584 0.115 -0.29289
1154.0 21.63207 -73.373184 -0.71595 -1.49884 0.064 -0.78289
1155.0 21.503209 -73.37228 -0.83795 -2.06584 -0.007 -1.22789
1161.0 21.437136 -73.370966 -0.03395 0.34916 0.1 0.38311
1162.0 21.278762 -73.369432 -0.45495 -0.53584 0.009 -0.08089
1170.0 21.325966 -73.368503 0.13405 0.37916 0.087 0.24511
1186.0 21.291448 -73.366804 0.06105 -2.42584 0.05 -2.48689
1188.0 21.793013 -73.369528 -0.51595 -0.19284 0.085 0.32311
1189.0 21.351195 -73.36662 -0.10395 -0.53484 0.082 -0.43089
1195.0 21.468569 -73.366863 -0.40695 -1.11984 0.026 -0.71289
1200.0 21.848656 -73.368571 -0.72395 -3.26784 0.071 -2.54389
1201.0 21.64824 -73.367472 -0.45795 -0.61784 0.103 -0.15989
1202.0 21.464208 -73.366102 -0.77795 -1.76884 0.007 -0.99089
1207.0 21.335632 -73.364654 0.02205 0.02616 0.087 0.00411
1210.0 21.620013 -73.366046 -0.87295 -2.20184 0.052 -1.32889
1213.0 21.89812 -73.366962 -0.75795 -1.80784 0.047 -1.04989
1218.0 21.488572 -73.36411 -0.25495 -0.74584 0.077 -0.49089
1221.0 21.701469 -73.364836 -0.24895 0.21516 0.139 0.46411
1224.0 21.341667 -73.361527 -0.42895 -2.45084 0.012 -2.02189
1234.0 21.356347 -73.360279 -0.18395 -1.81684 0.041 -1.63289
1237.0 21.53564 -73.361584 -0.92495 -0.56784 0.122 0.35711
1245.0 21.380789 -73.35865 4.86505 -1.89584 0.803 -6.76089
1249.0 21.458279 -73.358746 4.45705 -3.13884 0.721 -7.59589
1250.0 21.278837 -73.35716 0.69105 -0.09684 0.058 -0.78789
1251.0 21.275337 -73.357463 4.71305 -0.84284 0.758 -5.55589
1260.0 21.834514 -73.360212 -0.14595 0.12016 0.135 0.26611
1261.0 21.797081 -73.360014 -0.26495 0.28416 0.124 0.54911
1262.0 21.321401 -73.356764 -0.13295 -0.42584 0.113 -0.29289
1269.0 21.449821 -73.356426 0.07005 -0.28684 0.131 -0.35689
1273.0 21.25601 -73.354653 -0.56695 -1.55584 0.016 -0.98889
1275.0 21.576301 -73.356559 -0.29595 -0.36284 0.111 -0.06689
1279.0 21.522056 -73.355838 0.01205 -0.03484 0.125 -0.04689
1282.0 21.333512 -73.353961 -0.11995 0.25916 0.03 0.37911
1288.0 21.306944 -73.353251 0.13305 -0.25784 0.14 -0.39089
1291.0 21.746756 -73.355355 -0.70495 -1.98584 0.067 -1.28089
1297.0 21.678561 -73.354865 -0.39495 0.32516 0.148 0.72011
1300.0 21.866017 -73.355485 -0.69595 -0.68584 0.047 0.01011
1307.0 21.630384 -73.352353 -0.36495 -0.29084 0.123 0.07411
1310.0 21.701263 -73.352543 -0.53895 -0.58384 0.086 -0.04489
1311.0 21.318314 -73.349667 0.13605 -2.53284 0.087 -2.66889
1315.0 21.285511 -73.348447 0.22605 -0.66984 0.087 -0.89589
1322.0 21.744466 -73.351009 -0.15095 -0.37884 0.13 -0.22789
1328.0 21.714862 -73.350285 1.97305 -2.39284 1.236 -4.36589
1329.0 21.209139 -73.34617 -0.07295 -0.39284 0.059 -0.31989
1339.0 21.279037 -73.345271 -0.18195 -0.73984 0.026 -0.55789
1343.0 21.494138 -73.347289 -0.23895 -3.51684 0.007 -3.27789
1344.0 21.383152 -73.34639 -0.16695 0.23916 -0.093 0.40611
1348.0 21.849848 -73.349284 -0.54595 -0.67084 0.134 -0.12489
1351.0 21.802925 -73.348668 -0.46495 0.29616 0.129 0.76111
1361.0 21.273086 -73.343448 -0.37895 -1.69984 0.014 -1.32089
1371.0 21.716409 -73.344296 2.07205 -0.16784 0.662 -2.23989
1372.0 21.326206 -73.341444 -0.12695 0.11716 0.066 0.24411
1381.0 21.632804 -73.342344 -0.07695 0.24716 0.197 0.32411
1385.0 21.816108 -73.342719 -0.83495 -1.69884 0.092 -0.86389
1386.0 21.216885 -73.338385 0.07205 -2.90684 0.041 -2.97889
1391.0 21.342229 -73.338522 -0.26295 0.10616 0.107 0.36911
1394.0 21.847216 -73.341512 -0.46495 -0.79084 0.115 -0.32589
1395.0 21.464576 -73.338836 -0.31995 -1.34584 0.073 -1.02589
1408.0 21.472267 -73.337641 0.00905 -0.45084 0.114 -0.45989
1413.0 21.240922 -73.334541 0.21105 0.04616 0.116 -0.16489
1415.0 21.389255 -73.334991 -0.21295 -0.16384 0.053 0.04911
1419.0 21.758488 -73.337526 -1.04695 -1.95884 0.061 -0.91189
1420.0 21.452571 -73.335524 -0.42495 -1.55184 0.05 -1.12689
1432.0 21.311869 -73.33083 0.17905 0.14816 0.27 -0.03089
1433.0 21.205859 -73.329579 -0.18295 -1.07084 0.052 -0.88789
1438.0 21.741513 -73.332708 -0.20895 0.40316 0.123 0.61211
1439.0 21.402344 -73.330611 0.27405 -1.68384 0.096 -1.95789
1448.0 21.902554 -73.332683 -0.78095 -1.87884 0.107 -1.09789
1449.0 21.237558 -73.32797 -0.61895 -2.29384 -0.011 -1.67489
1451.0 21.517012 -73.32918 -0.03295 -2.06484 0.085 -2.03189
1453.0 21.651946 -73.330221 -0.46995 -0.73184 0.066 -0.26189
1455.0 21.76852 -73.329604 -0.60795 -1.21484 0.075 -0.60689
1458.0 21.825232 -73.329426 -0.49095 0.32616 0.105 0.81711
1460.0 21.89815 -73.328989 -0.36995 0.01216 0.224 0.38211
1467.0 21.61007 -73.326789 -0.67395 -0.47184 0.131 0.20211
1470.0 21.647969 -73.326633 0.12005 0.28116 0.181 0.16111
1471.0 21.403786 -73.32498 -0.38895 -0.77284 0.072 -0.38389
1479.0 21.219967 -73.322577 -0.46695 -3.21284 -0.04 -2.74589
1483.0 21.768243 -73.326104 -0.61895 -0.28284 0.104 0.33611
1487.0 21.526067 -73.323925 -1.00995 -3.30284 -0.013 -2.29289
1492.0 21.308841 -73.321568 -0.22695 -2.16784 0.026 -1.94089
1501.0 21.423925 -73.321388 -0.36795 -1.83284 0.061 -1.46489
1507.0 21.70533 -73.322464 -0.84295 -2.63284 0.066 -1.78989
1508.0 21.61613 -73.321783 -0.36295 -0.34384 0.15 0.01911
1509.0 21.344871 -73.320043 2.26605 -0.21184 0.907 -2.47789
1513.0 21.683872 -73.322007 -0.57895 -0.27384 0.044 0.30511
1514.0 21.211062 -73.318314 -0.33095 -3.36284 -0.053 -3.03189
1521.0 21.62382 -73.320969 -0.41795 -0.73884 0.076 -0.32089
1522.0 21.556666 -73.320435 -0.68395 -1.31184 0.053 -0.62789
1532.0 21.522374 -73.318438 -0.40995 -2.93784 0.053 -2.52789
1540.0 21.900878 -73.31957 -0.35195 0.01216 0.104 0.36411
1543.0 21.864999 -73.318215 -0.61195 0.12516 0.136 0.73711
1544.0 21.458423 -73.315413 -0.30695 -2.16684 0.053 -1.85989
1556.0 21.828255 -73.316148 -0.84395 -0.69684 0.12 0.14711
1557.0 21.390433 -73.313183 -0.37795 -1.23184 0.056 -0.85389
1559.0 21.657049 -73.31491 -0.82995 -2.32884 0.043 -1.49889
1565.0 21.812829 -73.314402 -0.38395 0.11816 0.069 0.50211
1573.0 21.307887 -73.309185 -0.49895 0.42916 0.148 0.92811
1577.0 21.759346 -73.312358 -0.09995 -0.17184 0.16 -0.07189
1580.0 21.223111 -73.308061 0.08105 -1.56484 0.089 -1.64589
1582.0 21.329793 -73.308549 0.10005 0.24216 0.069 0.14211
1585.0 21.682873 -73.310459 -0.84895 -0.69684 0.073 0.15211
1586.0 21.66346 -73.310282 -0.74895 -1.52584 0.063 -0.77689
1587.0 21.558866 -73.309806 -0.41195 -4.18084 -0.036 -3.76889
1594.0 21.228951 -73.306517 0.06805 0.36216 0.066 0.29411
1597.0 21.434394 -73.307811 -0.02995 -0.30184 0.113 -0.27189
1605.0 21.239861 -73.305458 -0.02095 0.32116 0.143 0.34211
1607.0 21.637904 -73.30779 -1.09495 -2.85184 0.017 -1.75689
1608.0 21.364256 -73.305872 -0.56495 0.38416 0.236 0.94911
1613.0 21.419885 -73.305722 -0.40995 -1.26784 0.057 -0.85789
1616.0 21.493026 -73.305866 -0.55295 -0.45084 0.134 0.10211
1627.0 21.795556 -73.306253 -1.04195 -3.86584 0.018 -2.82389
1634.0 21.614686 -73.304409 -0.94395 -2.74384 0.03 -1.79989
1635.0 21.546299 -73.304183 0.13405 -0.08084 0.125 -0.21489
1638.0 21.599242 -73.303739 -0.79995 -1.86984 0.075 -1.06989
1639.0 21.454666 -73.302519 -0.47995 -0.04384 0.106 0.43611
1642.0 21.286872 -73.301392 0.16705 0.43116 0.072 0.26411
1649.0 21.667802 -73.302495 -0.60295 -1.72384 0.061 -1.12089
1653.0 21.800202 -73.303109 -0.76195 -1.76484 0.079 -1.00289
1659.0 21.755711 -73.302214 -0.74195 -1.09384 0.022 -0.35189
1667.0 21.788272 -73.301439 -1.22495 -3.02284 0.027 -1.79789
1668.0 21.775747 -73.301114 -0.92995 -3.67884 0.065 -2.74889
1669.0 21.697494 -73.300773 -0.62095 -0.63584 0.107 -0.01489
1672.0 21.826792 -73.301 -1.44095 -3.85984 -0.006 -2.41889
1687.0 21.697267 -73.298437 -0.49995 -0.86784 0.079 -0.36789
1688.0 21.392948 -73.29643 -0.19595 -0.25984 0.05 -0.06389
1700.0 21.858053 -73.297681 -0.58295 -0.33484 0.097 0.24811
1702.0 21.57586 -73.295828 -0.40995 -4.19184 0.065 -3.78189
1707.0 21.796146 -73.295527 -0.14595 0.26216 0.191 0.40811
1708.0 21.480756 -73.293474 -0.97595 -2.64184 0.009 -1.66589
1716.0 21.732686 -73.294124 -0.50495 -2.13084 0.126 -1.62589
1717.0 21.600948 -73.293302 0.57705 -4.19384 -0.015 -4.77089
1722.0 21.609688 -73.292374 -0.70495 -3.64884 -0.024 -2.94389
1723.0 21.552071 -73.292226 -0.63395 -2.09184 0.085 -1.45789
1724.0 21.526897 -73.292171 -0.92995 -2.04384 0.027 -1.11389
1731.0 21.707817 -73.291017 -0.37395 0.43716 0.11 0.81111
1732.0 21.566273 -73.289571 -0.55895 -0.43784 0.114 0.12111
1739.0 21.331607 -73.286682 0.02305 -3.51884 -0.068 -3.54189
1741.0 21.688363 -73.288913 -0.61195 -0.52284 0.145 0.08911
1754.0 21.266096 -73.283615 0.04105 -3.38084 -0.042 -3.42189
1756.0 21.827306 -73.287173 -0.78295 -1.41684 0.126 -0.63389
1758.0 21.637045 -73.286104 -0.06495 -0.06284 0.102 0.00211
1759.0 21.542445 -73.285705 -0.83495 -1.97884 0.034 -1.14389
1761.0 21.473683 -73.284911 -0.62895 -0.53484 0.104 0.09411
1765.0 21.626493 -73.285233 -0.64595 -0.59684 0.107 0.04911
1766.0 21.338141 -73.283193 -1.04995 -3.13784 -0.028 -2.08789
1768.0 21.500724 -73.283904 -0.97095 -1.98184 0.053 -1.01089
1776.0 21.714054 -73.284591 -0.98795 -1.88784 0.038 -0.89989
1777.0 21.492261 -73.283036 -0.61495 -1.77884 0.082 -1.16389
1782.0 21.403549 -73.281597 -0.25595 -0.53884 0.115 -0.28289
1783.0 21.259117 -73.280404 -0.08595 -3.36684 0.044 -3.28089
1784.0 21.239477 -73.280258 -0.66095 -0.38984 -0.417 0.27111
1788.0 21.662062 -73.282584 -0.51795 -0.09384 0.096 0.42411
1791.0 21.803105 -73.283098 -0.57495 -0.05984 0.028 0.51511
1794.0 21.899751 -73.282856 -0.35495 -2.13884 0.087 -1.78389
1795.0 21.517298 -73.280973 -0.19095 -0.89684 0.097 -0.70589
1804.0 21.795591 -73.280686 -0.80895 0.45116 0.13 1.26011
1806.0 21.322705 -73.276898 -1.10695 0.40216 -0.095 1.50911
1811.0 21.305155 -73.276073 -0.28395 -1.06784 -0.005 -0.78389
1812.0 21.196703 -73.275105 -0.15995 0.27216 -0.015 0.43211
1818.0 21.543591 -73.276604 -0.18695 -0.02384 0.123 0.16311
1822.0 21.26718 -73.274331 -0.51295 -1.55984 -0.014 -1.04689
1831.0 21.333089 -73.273572 -0.87495 -2.04084 -0.01 -1.16589
1837.0 21.842092 -73.275198 -0.56795 -0.39284 0.049 0.17511
1838.0 21.442114 -73.272452 0.24105 0.36916 0.12 0.12811
1839.0 21.302654 -73.271024 -0.33695 -1.75884 -0.009 -1.42189
1844.0 21.858396 -73.27496 -0.39995 0.42616 0.105 0.82611
1845.0 21.396767 -73.271367 -0.83395 -3.39784 -0.011 -2.56389
1847.0 21.243717 -73.270115 -0.67095 -1.25584 -0.028 -0.58489
1852.0 21.637861 -73.272478 -0.46495 -0.85984 0.073 -0.39489
1853.0 21.317294 -73.270146 -0.37395 0.43816 0.147 0.81211
1857.0 21.57776 -73.271937 -0.73495 -0.94784 0.092 -0.21289
1860.0 21.56829 -73.270974 -0.55895 -2.57384 0.067 -2.01489
1861.0 21.253073 -73.268588 4.79805 0.07716 0.806 -4.72089
1866.0 21.493228 -73.27013 -0.73595 -1.68184 0.06 -0.94589
1873.0 21.541874 -73.269358 -0.66695 -1.09084 0.074 -0.42389
1875.0 21.609664 -73.269911 -0.17795 -0.06984 0.132 0.10811
1876.0 21.272034 -73.267247 0.02305 -1.56584 0.075 -1.58889
1882.0 21.72603 -73.269744 -0.66795 -0.50384 0.114 0.16411
1885.0 21.602267 -73.268718 -0.71695 -0.86384 0.032 -0.14689
1893.0 21.783291 -73.26855 -0.91395 -1.11984 0.058 -0.20589
1895.0 21.877337 -73.268302 -0.99195 -0.96884 0.093 0.02311
1904.0 21.383804 -73.263784 -0.99995 -2.55484 -0.009 -1.55489
1908.0 21.689612 -73.265322 -0.70595 -3.37884 0.072 -2.67289
1916.0 21.244821 -73.260542 -0.56495 -0.90384 0.032 -0.33889
1925.0 21.42385 -73.260433 -0.40795 -2.78584 0.094 -2.37789
1930.0 21.515735 -73.260737 -0.59995 -0.71984 0.109 -0.11989
1935.0 21.303475 -73.2587 -0.57595 -2.86884 -0.046 -2.29289
1940.0 21.730962 -73.261315 -0.50595 0.30616 0.122 0.81211
1941.0 21.333406 -73.258626 -0.90395 -2.40584 -0.036 -1.50189
1951.0 21.851793 -73.260757 -1.19195 -2.18584 0.057 -0.99389
1954.0 21.319876 -73.256925 -0.93595 -3.01984 0.059 -2.08389
1955.0 21.203694 -73.255716 0.20805 -2.42084 0.13 -2.62889
1959.0 21.442348 -73.257477 -0.71295 -1.03584 -0.023 -0.32289
1961.0 21.776042 -73.258915 -0.74995 -0.34484 0.074 0.40511
1963.0 21.369586 -73.255844 0.29705 -0.58684 0.244 -0.88389
1964.0 21.275538 -73.254983 -0.26695 -1.32784 0.019 -1.06089
1969.0 21.351098 -73.25493 -0.84295 -3.48184 -0.045 -2.63889
1973.0 21.41739 -73.255041 -0.82295 -2.69884 0.134 -1.87589
1977.0 21.332328 -73.254047 -0.64395 -1.52684 -0.013 -0.88289
1980.0 21.275413 -73.253053 0.44105 -0.52484 0.237 -0.96589
1982.0 21.646846 -73.254639 -0.06595 -4.51684 -0.036 -4.45089
1987.0 21.289041 -73.251851 -0.25995 0.19616 0.084 0.45611
1992.0 21.633078 -73.253855 -1.12195 -1.67184 0.033 -0.54989
1994.0 21.581931 -73.253211 -0.43095 0.18416 0.18 0.61511
1996.0 21.556055 -73.252572 -0.48795 -1.43584 0.073 -0.94789
1997.0 21.412041 -73.25129 -0.00095 -1.39084 0.157 -1.38989
2000.0 21.772051 -73.252863 -0.48995 -0.19884 0.101 0.29111
2005.0 21.766158 -73.251886 -0.62095 -1.07084 0.087 -0.44989
2006.0 21.554124 -73.250543 -0.22395 -1.36884 0.078 -1.14489
2007.0 21.192842 -73.247945 -0.93395 -2.15084 -0.089 -1.21689
2011.0 21.780119 -73.251683 -1.00795 -1.25184 0.074 -0.24389
2012.0 21.736879 -73.251378 -0.96895 -1.04884 0.099 -0.07989
2019.0 21.415462 -73.248841 0.01205 -0.28584 0.092 -0.29789
2020.0 21.231205 -73.24735 -0.22295 -0.93484 0.058 -0.71189
2023.0 21.305393 -73.247363 -0.54895 -0.70484 0.064 -0.15589
2030.0 21.489379 -73.248142 -0.19295 -0.10784 0.094 0.08511
2031.0 21.360468 -73.247396 0.33505 -1.18684 0.106 -1.52189
2032.0 21.339876 -73.246819 -0.69495 -0.78684 -0.13 -0.09189
2033.0 21.299417 -73.246225 1.01005 -0.08984 0.317 -1.09989
2035.0 21.664217 -73.248375 -1.33895 -2.95984 -0.001 -1.62089
2039.0 21.447916 -73.246192 -1.17695 -0.27184 0.07 0.90511
2040.0 21.230068 -73.244539 -0.56995 0.14416 -0.278 0.71411
2043.0 21.63978 -73.247321 -0.82095 -1.31084 0.057 -0.48989
2044.0 21.37485 -73.245762 -0.02195 -0.26384 0.138 -0.24189
2045.0 21.275408 -73.244326 -0.47995 0.01516 0.09 0.49511
2046.0 21.210298 -73.244248 -0.41695 -3.62284 -0.072 -3.20589
2050.0 21.770898 -73.247408 -1.04395 -1.56884 0.05 -0.52489
2052.0 21.717971 -73.246847 0.00605 0.23416 0.269 0.22811
2055.0 21.233042 -73.242789 -0.85395 -0.68984 0.248 0.16411
2058.0 21.194194 -73.24137 -0.45095 -1.30484 0.004 -0.85389
2060.0 21.810579 -73.245757 -1.54195 -3.15084 -0.007 -1.60889
2062.0 21.361156 -73.242621 -0.21895 -0.79584 0.033 -0.57689
2066.0 21.837694 -73.245487 4.40305 -1.66584 0.834 -6.06889
2067.0 21.749472 -73.244624 -1.30795 -4.07784 0.002 -2.76989
2068.0 21.433967 -73.242612 -0.77095 -3.21484 0.0 -2.44389
2071.0 21.697242 -73.243942 -1.17695 -0.48584 0.104 0.69111
2072.0 21.551145 -73.242964 -0.10295 0.45916 0.173 0.56211
2073.0 21.462519 -73.242586 -0.06695 0.17516 0.137 0.24211
2076.0 21.85869 -73.244509 -0.68995 -0.53284 0.163 0.15711
2082.0 21.656836 -73.242757 -1.30595 -2.65784 -0.005 -1.35189
2083.0 21.485427 -73.241348 -0.24595 -0.67384 0.115 -0.42789
2089.0 21.577922 -73.240732 -0.70195 -2.44384 0.075 -1.74189
2090.0 21.512929 -73.240391 -0.91495 -0.51984 0.107 0.39511
2091.0 21.380024 -73.239343 -0.73395 -0.23084 0.014 0.50311
2092.0 21.195069 -73.237458 -0.66495 -2.43684 -0.013 -1.77189
2095.0 21.216746 -73.23672 -0.02295 -0.33284 0.084 -0.30989
2097.0 21.236699 -73.236747 -0.63195 -3.00984 -0.009 -2.37789
2099.0 21.462356 -73.238387 -0.57595 -2.59384 0.06 -2.01789
2100.0 21.397484 -73.237927 -0.25495 -1.91884 0.113 -1.66389
2102.0 21.859848 -73.24069 -0.64595 0.39416 0.088 1.04011
2103.0 21.368563 -73.237131 4.05905 -1.12484 0.76 -5.18389
2106.0 21.689107 -73.23899 -1.12995 -0.50384 0.062 0.62611
2107.0 21.532714 -73.238132 -0.50195 -1.26884 0.087 -0.76689
2110.0 21.72129 -73.238791 -1.31495 -2.01884 0.059 -0.70389
2117.0 21.546619 -73.237154 -0.98095 -1.42584 0.057 -0.44489
2120.0 21.38731 -73.234824 -0.70695 -1.19284 0.006 -0.48589
2127.0 21.575226 -73.236203 -0.53595 -0.76584 -0.01 -0.22989
2131.0 21.662006 -73.236075 -0.25795 0.38816 0.147 0.64611
2135.0 21.798458 -73.236789 -0.54795 0.14616 0.108 0.69411
2136.0 21.391804 -73.233606 -0.43395 -1.55984 0.032 -1.12589
2137.0 21.313243 -73.233165 -0.38095 0.33516 0.107 0.71611
2140.0 21.411584 -73.23297 -0.42395 -1.12284 0.103 -0.69889
2141.0 21.401351 -73.233129 -0.43095 -2.27884 0.153 -1.84789
2144.0 21.824335 -73.235595 -0.66095 -0.40484 0.117 0.25611
2146.0 21.76538 -73.234689 -1.05395 -1.54884 0.08 -0.49489
2148.0 21.385564 -73.231703 -0.81795 -4.11784 -0.036 -3.29989
2151.0 21.548613 -73.232646 -1.14495 -2.52384 0.046 -1.37889
2153.0 21.838523 -73.234067 -0.34695 0.20416 0.085 0.55111
2156.0 21.790279 -73.232781 -0.78595 -0.49484 0.055 0.29111
2158.0 21.48195 -73.230405 -0.81295 -3.49684 0.086 -2.68389
2161.0 21.811637 -73.232316 -0.36195 -0.24184 0.064 0.12011
2162.0 21.723826 -73.231785 -0.69395 -2.35184 0.066 -1.65789
2163.0 21.688153 -73.230956 -0.60695 -0.26784 0.114 0.33911
2165.0 21.314017 -73.228087 -0.17395 0.45516 0.189 0.62911
2167.0 21.747649 -73.231306 -0.70695 -0.74184 0.131 -0.03489
2168.0 21.423963 -73.229213 -0.59695 -2.62384 0.021 -2.02689
2169.0 21.325381 -73.228555 -0.30095 -2.39684 0.082 -2.09589
2172.0 21.678348 -73.230381 -1.32995 -4.01584 -0.016 -2.68589
2173.0 21.210896 -73.227343 5e-05 -0.81384 0.09 -0.81389
2176.0 21.234969 -73.226387 -0.06495 -0.55184 0.086 -0.48689
2180.0 21.354974 -73.227306 -0.61195 -0.25484 0.067 0.35711
2186.0 21.300156 -73.226292 -0.89995 -2.53484 -0.029 -1.63489
2191.0 21.386872 -73.225584 -0.32795 -0.68384 0.093 -0.35589
2196.0 21.701027 -73.226698 -0.28995 -0.09584 0.175 0.19411
2197.0 21.36575 -73.224272 -0.10995 -0.06284 0.082 0.04711
2199.0 21.565458 -73.225011 -0.66595 -0.79984 0.081 -0.13389
2203.0 21.327148 -73.223204 -0.84095 -1.40984 0.491 -0.56889
2206.0 21.898334 -73.226172 -0.16295 0.15216 0.237 0.31511
2207.0 21.77701 -73.225725 -1.00295 -0.67184 0.055 0.33111
2208.0 21.302389 -73.222504 -0.24995 -1.87984 0.133 -1.62989
2213.0 21.768646 -73.224994 -0.64495 -0.96284 0.079 -0.31789
2214.0 21.63294 -73.223992 -0.91395 -2.65984 0.057 -1.74589
2218.0 21.32209 -73.221892 -0.13795 -0.02484 0.075 0.11311
2222.0 21.351721 -73.220278 -0.47995 -1.00184 0.064 -0.52189
2225.0 21.530626 -73.221756 -0.99095 -1.50184 0.04 -0.51089
2234.0 21.723393 -73.222548 -0.44795 -0.39284 0.139 0.05511
2236.0 21.237294 -73.218776 -0.36995 -0.40584 0.106 -0.03589
2237.0 21.488664 -73.220702 -1.07795 -2.08184 0.02 -1.00389
2238.0 21.248985 -73.218718 -0.01695 -0.10384 0.113 -0.08689
2242.0 21.510479 -73.220231 0.12805 0.31816 0.196 0.19011
2245.0 21.390702 -73.218955 -0.95495 -1.25684 0.017 -0.30189
2256.0 21.693937 -73.219501 -0.90695 -1.73084 0.089 -0.82389
2257.0 21.406625 -73.217951 0.13205 0.07516 0.145 -0.05689
2259.0 21.818195 -73.21981 -0.81095 -0.08284 0.117 0.72811
2265.0 21.595997 -73.217591 -0.52095 0.04816 0.091 0.56911
2268.0 21.605351 -73.21722 4.13905 -0.51084 0.798 -4.64989
2273.0 21.575559 -73.215761 -0.44395 0.20516 0.121 0.64911
2282.0 21.707125 -73.215342 -1.10795 -3.20484 0.097 -2.09689
