# ID RA DEC NUV_V NUV V V_err B_V B_V_err
17 22.154343 -73.63014 0.362 19.986 19.624 0.039 -0.06 0.054
19 22.440311 -73.629155 1.15 18.937 17.787 0.01 -0.071 0.014
21 22.45822 -73.625553 0.25 18.417 18.167 0.011 -0.117 0.016
22 22.599981 -73.624949 0.837 19.842 19.005 0.025 -0.074 0.033
32 22.672076 -73.620089 0.164 17.82 17.656 0.013 -0.176 0.017
35 22.277417 -73.618025 0.595 18.907 18.312 0.014 0.01 0.021
41 22.05506 -73.608865 0.542 16.956 16.414 0.012 -0.081 0.025
48 22.647771 -73.605247 0.37 18.565 18.195 0.014 -0.18 0.02
52 22.140639 -73.602309 -2.347 19.197 21.544 0.249 0.193 0.367
55 22.603824 -73.60029 0.119 17.387 17.268 0.006 -0.155 0.009
59 22.31902 -73.598978 0.973 19.84 18.867 0.025 -0.117 0.032
63 22.553714 -73.594858 0.642 16.12 15.478 0.004 -0.191 0.006
72 22.067782 -73.589135 0.173 18.87 18.697 0.044 0.001 0.08
78 22.041152 -73.586128 0.206 16.926 16.72 0.011 -0.106 0.023
79 22.681701 -73.587987 -0.159 17.178 17.337 0.009 -0.188 0.012
80 21.93063 -73.585554 0.542 19.694 19.152 0.03 -0.038 0.053
83 22.450585 -73.586162 -0.181 19.226 19.407 0.03 0.67 0.066
85 22.230527 -73.584061 0.828 18.331 17.503 0.009 -0.059 0.013
91 22.337262 -73.579839 0.76 19.697 18.937 0.028 -0.087 0.035
93 21.989464 -73.577717 0.237 19.654 19.417 0.036 -0.003 0.054
94 21.93962 -73.576273 0.053 18.529 18.476 0.02 -0.115 0.041
96 22.447511 -73.577723 0.436 17.737 17.301 0.009 -0.129 0.011
97 22.317048 -73.576464 0.167 19.539 19.372 0.033 -0.104 0.045
100 22.611987 -73.575667 0.173 19.89 19.717 0.04 -0.078 0.054
101 22.557976 -73.574948 0.133 18.213 18.08 0.013 -0.11 0.017
102 22.29186 -73.574398 0.088 18.788 18.7 0.018 -0.081 0.027
109 22.005127 -73.57018 0.478 19.368 18.89 0.026 -0.017 0.042
110 22.264126 -73.570574 4.374 16.481 12.107 0.003 0.451 0.006
111 22.020605 -73.569661 0.341 19.884 19.543 0.04 -0.144 0.058
114 22.446369 -73.570597 0.208 19.05 18.842 0.022 -0.058 0.03
119 22.094236 -73.568413 0.079 18.628 18.549 0.017 -0.149 0.027
120 21.923001 -73.567339 -0.082 17.849 17.931 0.025 0.41 0.061
121 22.058586 -73.567701 0.072 18.94 18.868 0.021 -0.043 0.036
127 22.684187 -73.566798 0.588 19.372 18.784 0.047 -0.037 0.226
128 22.147262 -73.565789 0.138 18.98 18.842 0.022 -0.119 0.032
132 22.404088 -73.564377 -0.297 19.389 19.686 0.081 0.249 0.124
135 22.006064 -73.562653 -0.009 18.912 18.921 0.025 -0.028 0.046
137 22.405651 -73.563306 0.415 19.05 18.635 0.028 0.145 0.039
143 22.386441 -73.560883 1.616 17.065 15.449 0.008 -0.246 0.01
144 22.346295 -73.5613 -1.289 19.418 20.707 0.11 0.005 0.17
146 22.30741 -73.560875 0.1 19.787 19.687 0.043 -0.046 0.061
147 22.173419 -73.559897 -1.108 17.017 18.125 0.023 0.866 0.041
149 22.507063 -73.560653 -0.598 16.721 17.319 0.009 -0.231 0.011
151 22.352783 -73.559387 -0.148 20.0 20.148 0.064 -0.045 0.098
155 22.397843 -73.558189 -0.13 16.944 17.074 0.009 0.04 0.017
161 22.375435 -73.557736 0.525 17.01 16.485 0.007 -0.197 0.009
163 22.060216 -73.554928 -0.173 16.601 16.774 0.008 -0.15 0.02
164 21.968441 -73.554485 0.345 19.301 18.956 0.027 -0.083 0.047
167 22.284028 -73.554132 0.194 19.414 19.22 0.032 -0.094 0.042
168 22.256882 -73.554136 -1.334 18.711 20.045 0.067 0.111 0.096
171 22.233368 -73.553783 0.363 19.174 18.811 0.025 -0.12 0.033
173 22.050067 -73.552353 0.19 19.114 18.924 0.022 -0.037 0.033
176 22.060438 -73.552002 0.035 17.73 17.695 0.01 -0.068 0.021
186 22.022182 -73.549756 -0.138 17.755 17.893 0.014 -0.119 0.029
187 21.941908 -73.549008 0.953 15.446 14.493 0.035 0.449 0.047
191 22.608188 -73.550437 -0.009 17.992 18.001 0.01 -0.106 0.014
193 21.954868 -73.548333 0.209 18.253 18.044 0.021 -0.123 0.04
196 22.175461 -73.548248 0.007 18.522 18.515 0.016 -0.069 0.022
202 22.142545 -73.546415 -0.056 15.766 15.822 0.004 -0.087 0.009
206 22.109463 -73.545067 0.48 19.763 19.283 0.026 -0.036 0.041
208 22.253926 -73.545032 0.877 19.723 18.846 0.023 -0.034 0.032
212 22.071897 -73.543114 0.628 19.481 18.853 0.019 -0.022 0.034
214 22.488145 -73.543401 -0.008 18.481 18.489 0.016 -0.133 0.023
215 22.618894 -73.544227 0.143 19.907 19.764 0.045 -0.049 0.066
220 22.089018 -73.541269 0.226 19.347 19.121 0.027 -0.059 0.039
221 22.345919 -73.54106 0.079 18.521 18.442 0.016 -0.069 0.021
222 22.260146 -73.54101 0.399 19.834 19.435 0.035 -0.067 0.049
224 22.418952 -73.540758 0.123 19.51 19.387 0.032 -0.083 0.046
231 22.495981 -73.540352 0.501 19.927 19.426 0.035 -0.017 0.054
232 22.284832 -73.539275 0.039 18.13 18.091 0.012 -0.105 0.018
233 22.065752 -73.538206 -0.097 19.15 19.247 0.034 -0.06 0.051
234 22.386389 -73.538998 -0.239 16.944 17.183 0.01 -0.178 0.012
235 22.603233 -73.538794 -0.833 15.399 16.232 0.006 -0.26 0.007
236 22.573983 -73.538389 3.173 16.811 13.638 0.024 0.083 0.027
238 22.633482 -73.538178 -0.81 16.125 16.935 0.006 -0.215 0.008
242 22.623605 -73.536944 -0.264 17.474 17.738 0.01 -0.146 0.013
243 22.54573 -73.536299 -0.185 18.199 18.384 0.014 -0.119 0.019
245 22.433433 -73.535214 -0.038 17.385 17.423 0.01 -0.157 0.013
246 22.305641 -73.534532 -0.065 16.466 16.531 0.007 -0.108 0.01
248 22.365272 -73.533725 -0.505 15.385 15.89 0.007 -0.21 0.01
253 22.6059 -73.533362 -0.884 16.253 17.137 0.009 -0.236 0.011
254 22.457187 -73.532712 -0.075 19.017 19.092 0.028 -0.085 0.041
258 22.308863 -73.531788 2.511 17.011 14.5 0.011 1.095 0.013
260 22.220493 -73.530895 -0.012 19.638 19.65 0.042 -0.146 0.06
262 22.410008 -73.531005 0.071 19.206 19.135 0.029 -0.163 0.038
263 21.982783 -73.52942 -0.033 19.847 19.88 0.068 0.126 0.104
266 22.393674 -73.530203 0.181 18.818 18.637 0.017 -0.112 0.025
269 22.403348 -73.529608 0.064 18.52 18.456 0.018 -0.098 0.024
273 22.265662 -73.528381 0.305 18.398 18.093 0.011 -0.125 0.016
275 22.459728 -73.52943 -0.047 19.202 19.249 0.026 -0.117 0.038
276 22.366675 -73.528967 -1.498 18.033 19.531 0.039 -0.14 0.072
278 22.615225 -73.52865 0.136 19.412 19.276 0.033 -0.086 0.046
281 22.487785 -73.527608 -0.476 16.636 17.112 0.008 -0.193 0.01
282 22.302408 -73.52684 -0.145 18.771 18.916 0.022 -0.153 0.03
285 22.479583 -73.526153 0.121 19.078 18.957 0.022 -0.112 0.032
286 22.24328 -73.525305 0.016 18.255 18.239 0.013 -0.152 0.017
288 22.49607 -73.525474 -0.03 17.72 17.75 0.013 -0.134 0.016
289 22.142931 -73.524042 -0.281 18.142 18.423 0.016 -0.1 0.023
292 22.408793 -73.524167 0.194 19.714 19.52 0.037 0.017 0.057
293 22.626003 -73.524563 0.323 19.636 19.313 0.03 -0.03 0.046
294 22.090103 -73.522807 -0.201 17.555 17.756 0.01 -0.087 0.02
304 22.102079 -73.520985 -0.214 18.17 18.384 0.016 -0.121 0.026
311 22.050401 -73.519001 -0.25 18.017 18.267 0.023 -0.023 0.038
313 22.076314 -73.519081 -0.089 17.129 17.218 0.008 -0.117 0.02
314 21.971879 -73.518671 0.005 17.948 17.943 0.022 -0.085 0.041
315 22.638338 -73.519756 -0.064 19.142 19.206 0.026 -0.162 0.038
316 22.480666 -73.519828 -0.334 18.428 18.762 0.017 -0.147 0.024
317 22.388004 -73.519558 0.285 18.789 18.504 0.02 -0.123 0.026
327 22.405938 -73.516872 0.059 18.444 18.385 0.013 -0.097 0.018
328 22.091215 -73.515742 -0.037 17.842 17.879 0.011 -0.121 0.021
329 22.032075 -73.51539 -0.062 15.919 15.981 0.015 -0.159 0.032
331 22.212564 -73.516063 0.215 19.111 18.896 0.021 -0.059 0.03
338 22.4758 -73.514633 -0.544 16.02 16.564 0.007 -0.186 0.009
342 22.267021 -73.513624 -0.345 17.525 17.87 0.011 -0.168 0.014
343 22.052654 -73.512877 0.007 18.771 18.764 0.027 -0.092 0.041
348 22.249974 -73.511914 -0.085 18.905 18.99 0.019 -0.065 0.032
351 22.434028 -73.512781 0.164 19.695 19.531 0.04 -0.129 0.053
352 22.088426 -73.511033 -0.292 16.846 17.138 0.009 -0.14 0.02
356 22.29638 -73.511343 -0.514 15.247 15.761 0.007 -0.099 0.008
357 22.065983 -73.510153 -0.303 17.35 17.653 0.015 -0.381 0.029
358 22.011775 -73.510131 -0.108 19.636 19.744 0.038 0.012 0.069
361 22.138712 -73.509451 -0.032 18.209 18.241 0.015 -0.118 0.022
367 22.629027 -73.509439 -0.252 15.97 16.222 0.006 -0.132 0.007
368 22.214539 -73.508434 -0.284 18.171 18.455 0.016 -0.128 0.023
369 22.533293 -73.508515 0.411 19.884 19.473 0.039 -0.13 0.052
371 22.3086 -73.507719 0.376 19.715 19.339 0.03 -0.06 0.045
372 22.049438 -73.506798 0.136 15.918 15.782 0.013 -0.155 0.031
378 22.23493 -73.506273 0.162 18.864 18.702 0.019 -0.011 0.029
380 22.174953 -73.505808 0.535 19.731 19.196 0.025 -0.01 0.038
382 22.295002 -73.505106 -0.694 15.38 16.074 0.006 -0.231 0.007
383 21.92395 -73.503933 -0.143 16.922 17.065 0.028 0.386 0.041
387 22.623676 -73.505423 0.152 19.713 19.561 0.042 -0.06 0.064
391 22.398036 -73.504037 -0.106 18.794 18.9 0.023 -0.134 0.034
392 22.168806 -73.503317 -0.462 17.77 18.232 0.024 -0.268 0.031
397 22.50638 -73.503091 -0.198 17.787 17.985 0.011 -0.139 0.015
398 22.636082 -73.502624 0.139 19.862 19.723 0.047 -0.099 0.062
404 22.248128 -73.501108 5.977 19.045 13.068 0.004 0.757 0.01
420 22.527182 -73.498066 -0.069 18.796 18.865 0.023 -0.155 0.031
421 22.510558 -73.498161 -0.165 18.69 18.855 0.022 -0.112 0.031
422 21.92748 -73.495953 0.029 19.766 19.737 0.048 0.009 0.085
425 22.430269 -73.49778 -0.811 16.615 17.426 0.009 -0.194 0.011
426 22.189219 -73.497051 0.307 19.81 19.503 0.039 -0.026 0.057
435 21.994893 -73.495241 -0.27 17.87 18.14 0.022 -0.065 0.043
442 22.350215 -73.495242 0.239 14.555 14.316 0.004 -0.264 0.008
443 22.204655 -73.495068 0.098 19.472 19.374 0.029 0.008 0.044
453 22.289813 -73.492923 -0.302 18.849 19.151 0.028 -0.128 0.037
458 22.275009 -73.491664 0.209 19.352 19.143 0.027 -0.096 0.036
463 22.432598 -73.490713 4.281 17.589 13.308 0.003 0.53 0.007
464 22.428419 -73.490428 0.013 18.836 18.823 0.021 -0.147 0.031
465 22.058528 -73.489252 -0.365 19.045 19.41 0.034 -0.062 0.065
476 22.521363 -73.486909 -0.333 18.623 18.956 0.023 -0.073 0.034
477 22.461965 -73.48612 -0.83 15.699 16.529 0.006 -0.21 0.007
483 21.981631 -73.481853 -0.27 18.185 18.455 0.03 -0.049 0.054
485 22.442998 -73.483576 -0.214 18.863 19.077 0.028 -0.129 0.037
490 21.994314 -73.479337 -0.011 18.801 18.812 0.036 -0.048 0.061
495 22.432092 -73.479351 -0.121 18.945 19.066 0.027 -0.152 0.036
497 22.479037 -73.47864 0.191 19.762 19.571 0.045 -0.084 0.065
502 22.327733 -73.477382 -0.327 18.24 18.567 0.018 -0.074 0.027
504 22.657547 -73.477501 4.001 17.614 13.613 0.01 0.394 0.033
505 22.196623 -73.476066 -0.368 16.338 16.706 0.008 -0.089 0.019
513 22.479959 -73.474562 -0.691 18.363 19.054 0.024 -0.159 0.032
514 22.465471 -73.474379 -0.586 18.861 19.447 0.039 -0.1 0.055
515 22.092764 -73.473172 -0.546 16.402 16.948 0.018 -0.15 0.037
516 21.940094 -73.472533 -0.006 19.778 19.784 0.052 0.074 0.095
517 21.981712 -73.472391 -0.304 18.021 18.325 0.028 -0.078 0.058
520 22.009814 -73.471898 -0.601 16.889 17.49 0.027 -0.098 0.053
521 22.668231 -73.473435 -0.157 18.407 18.564 0.016 -0.111 0.024
522 22.153809 -73.471606 3.815 19.514 15.699 0.012 0.587 0.027
523 22.135896 -73.471201 0.047 19.688 19.641 0.054 -0.035 0.081
527 22.188759 -73.471093 0.1 19.883 19.783 0.057 -0.089 0.078
533 22.542023 -73.470615 -0.021 19.259 19.28 0.03 -0.069 0.041
536 22.611288 -73.469954 0.05 19.137 19.087 0.025 -0.071 0.037
537 22.302242 -73.468933 -0.429 17.257 17.686 0.011 -0.12 0.017
541 22.676636 -73.468087 -0.6 18.298 18.898 0.025 -0.15 0.037
543 22.104192 -73.466048 -0.109 19.62 19.729 0.047 0.048 0.078
544 21.933937 -73.464933 -0.441 18.124 18.565 0.036 -0.064 0.067
550 22.628908 -73.466441 -0.267 19.988 20.255 0.078 -0.27 0.105
553 22.517748 -73.46509 -0.575 18.004 18.579 0.017 -0.073 0.03
555 22.35171 -73.463769 -0.235 18.092 18.327 0.014 -0.149 0.02
556 22.301305 -73.46358 -0.702 17.504 18.206 0.014 -0.182 0.021
558 22.604679 -73.463906 -1.126 14.887 16.013 0.007 -0.224 0.013
559 22.499644 -73.463448 -0.227 19.426 19.653 0.046 -0.113 0.064
560 22.407138 -73.463537 -0.719 17.6 18.319 0.018 -0.098 0.025
561 21.974982 -73.461741 -0.122 17.706 17.828 0.03 -0.046 0.062
564 22.452068 -73.463264 -0.321 19.989 20.31 0.079 -0.213 0.106
565 22.152859 -73.461009 0.092 19.2 19.108 0.028 -0.035 0.05
566 22.202284 -73.461205 -0.143 19.221 19.364 0.037 -0.063 0.055
569 22.671203 -73.462085 -0.743 16.292 17.035 0.008 -0.173 0.013
570 22.6276 -73.461893 -0.666 18.451 19.117 0.044 -0.216 0.063
571 22.222582 -73.460775 -0.301 18.785 19.086 0.023 -0.13 0.039
576 22.512231 -73.460715 0.215 19.755 19.54 0.032 -0.028 0.052
580 22.523161 -73.46002 -0.109 19.261 19.37 0.028 -0.017 0.048
581 22.460269 -73.45988 0.151 19.445 19.294 0.028 -0.054 0.043
584 22.28363 -73.458924 -0.075 19.935 20.01 0.051 -0.058 0.082
592 22.417534 -73.45784 -0.653 17.106 17.759 0.012 -0.139 0.017
595 22.197516 -73.455823 -0.046 19.48 19.526 0.043 0.026 0.061
598 22.513247 -73.456573 -0.645 17.603 18.248 0.015 -0.12 0.024
601 22.482094 -73.45628 -0.116 18.698 18.814 0.02 -0.066 0.03
602 22.470136 -73.456231 -1.158 16.627 17.785 0.01 -0.197 0.017
607 22.576179 -73.454911 -1.033 17.117 18.15 0.014 -0.155 0.021
609 22.530363 -73.453875 -0.479 17.265 17.744 0.016 -0.117 0.023
610 21.979322 -73.452614 -0.068 19.888 19.956 0.101 -0.203 0.138
614 22.432781 -73.453604 -1.071 15.946 17.017 0.009 -0.214 0.017
621 22.532121 -73.452155 -1.115 16.23 17.345 0.01 -0.192 0.018
622 22.375827 -73.451812 -0.816 16.248 17.064 0.011 -0.18 0.019
625 21.969661 -73.449595 -0.019 19.642 19.661 0.065 -0.1 0.1
626 21.934585 -73.449355 -0.361 18.184 18.545 0.034 -0.096 0.065
633 22.490156 -73.449285 -1.138 16.802 17.94 0.015 -0.296 0.029
635 22.525227 -73.44895 -0.654 17.357 18.011 0.013 -0.179 0.021
636 22.004256 -73.44702 1.495 19.64 18.145 0.067 1.29 0.115
641 22.371898 -73.448021 0.258 19.86 19.602 0.042 0.072 0.064
642 22.336409 -73.447814 -0.089 19.558 19.647 0.05 0.028 0.072
643 22.536533 -73.447835 -0.743 16.501 17.244 0.009 -0.13 0.017
645 22.549406 -73.447794 -0.48 19.009 19.489 0.038 -0.086 0.054
647 22.098445 -73.445583 -0.179 18.535 18.714 0.029 -0.048 0.055
650 22.35564 -73.446189 -0.513 17.015 17.528 0.012 -0.146 0.024
657 22.414779 -73.444533 -0.233 19.422 19.655 0.036 -0.098 0.057
663 22.442349 -73.443674 -0.092 19.369 19.461 0.034 -0.011 0.053
665 21.988217 -73.441199 -0.849 16.351 17.2 0.021 -0.06 0.036
669 22.46887 -73.442735 0.07 19.567 19.497 0.039 -0.074 0.054
674 22.560456 -73.441378 -0.044 18.897 18.941 0.02 -0.052 0.03
682 22.515583 -73.440241 -1.113 15.567 16.68 0.007 -0.19 0.011
683 22.249659 -73.440005 -0.123 19.662 19.785 0.034 -0.083 0.052
684 22.035406 -73.438781 -0.602 18.69 19.292 0.112 -0.658 0.134
686 22.597199 -73.440359 -1.013 15.906 16.919 0.014 -0.165 0.021
687 22.385291 -73.439877 -0.085 19.202 19.287 0.025 -0.082 0.039
690 22.624975 -73.439286 -1.089 15.557 16.646 0.014 -0.196 0.021
691 22.480535 -73.43894 -0.733 18.56 19.293 0.026 -0.105 0.039
693 22.56733 -73.438026 -0.112 19.969 20.081 0.052 -0.033 0.074
696 22.671748 -73.437587 -1.139 15.98 17.119 0.018 -0.22 0.031
698 22.298332 -73.436161 -0.385 19.501 19.886 0.031 -0.03 0.059
704 22.527795 -73.436062 0.763 19.887 19.124 0.019 0.056 0.034
705 22.367861 -73.435102 -0.63 15.419 16.049 0.008 -0.155 0.014
706 22.248931 -73.434543 -0.287 19.844 20.131 0.046 -0.01 0.08
711 22.481292 -73.434434 -0.91 17.372 18.282 0.013 -0.134 0.019
712 22.176925 -73.433429 -0.335 18.989 19.324 0.023 -0.037 0.041
717 22.614047 -73.434126 -0.743 14.307 15.05 0.009 -0.223 0.017
718 22.521076 -73.433457 -0.112 19.097 19.209 0.019 -0.048 0.027
720 22.028197 -73.431558 -0.115 18.524 18.639 0.029 -0.064 0.048
724 22.586896 -73.432907 -0.401 19.808 20.209 0.046 0.002 0.076
725 22.21558 -73.432139 4.361 19.469 15.108 0.013 0.72 0.022
729 22.597994 -73.432537 0.301 19.072 18.771 0.014 -0.02 0.023
730 22.565825 -73.432652 -0.372 18.213 18.585 0.013 -0.09 0.02
731 22.502795 -73.432402 -0.525 19.42 19.945 0.045 -0.018 0.066
732 21.957985 -73.430555 -0.411 18.983 19.394 0.031 0.004 0.048
734 21.724856 -73.428596 0.206 19.291 19.085 0.011 0.06 0.016
735 22.439279 -73.431758 -0.894 14.616 15.51 0.009 -0.189 0.015
737 22.627061 -73.431504 -1.287 14.693 15.98 0.011 -0.222 0.016
738 21.937163 -73.429168 -0.512 18.592 19.104 0.031 -0.072 0.047
739 21.349681 -73.425235 -0.369 16.193 16.562 0.009 -0.037 0.013
740 22.232066 -73.429989 -0.76 17.237 17.997 0.012 -0.114 0.021
742 21.517313 -73.426454 -0.239 17.579 17.818 0.021 0.087 0.026
743 21.324896 -73.42493 -0.838 16.546 17.384 0.004 -0.105 0.006
745 22.513826 -73.430335 0.047 19.808 19.761 0.037 -0.029 0.056
746 21.594194 -73.426489 0.259 19.085 18.826 0.009 0.059 0.014
749 22.57725 -73.429865 -0.536 15.872 16.408 0.008 -0.089 0.012
750 22.554969 -73.429653 -0.668 13.995 14.663 0.006 -0.221 0.035
751 22.476269 -73.429514 -0.6 18.211 18.811 0.014 -0.08 0.024
754 22.323248 -73.42858 -0.89 17.082 17.972 0.011 -0.126 0.017
758 22.116486 -73.426609 -0.224 19.503 19.727 0.045 0.023 0.072
759 21.907289 -73.425774 -0.523 17.0 17.523 0.005 0.002 0.007
763 22.211006 -73.426296 2.235 19.16 16.925 0.011 1.079 0.02
767 21.524262 -73.422224 -0.321 17.66 17.981 0.006 -0.027 0.009
770 22.566785 -73.426943 -0.419 19.333 19.752 0.038 -0.059 0.056
771 21.949039 -73.424697 -0.099 19.396 19.495 0.029 -0.017 0.05
772 21.500021 -73.421866 0.609 19.693 19.084 0.012 0.026 0.017
773 21.383697 -73.421189 -0.231 18.058 18.289 0.007 -0.016 0.01
778 22.47637 -73.42654 0.06 19.504 19.444 0.027 -0.034 0.044
779 22.446353 -73.425992 -0.879 17.554 18.433 0.011 -0.112 0.019
780 21.640799 -73.422528 2.892 18.776 15.884 0.003 0.988 0.006
782 22.607856 -73.425825 -0.795 15.232 16.027 0.008 -0.209 0.012
788 22.432131 -73.425153 -0.985 16.753 17.738 0.01 -0.149 0.016
792 21.695242 -73.421173 -0.285 17.853 18.138 0.006 -0.003 0.009
793 21.317802 -73.418368 -0.091 18.132 18.223 0.007 -0.038 0.01
795 22.633083 -73.424408 -0.718 16.718 17.436 0.01 -0.133 0.016
796 22.591906 -73.424164 -0.421 18.642 19.063 0.015 -0.07 0.025
803 21.956625 -73.420487 -0.046 19.738 19.784 0.048 -0.015 0.077
804 22.469393 -73.422082 -1.025 15.648 16.673 0.013 -0.178 0.019
805 22.263256 -73.421375 0.384 19.62 19.236 0.03 -0.027 0.04
806 21.347371 -73.415892 0.341 19.982 19.641 0.02 0.046 0.028
807 21.333286 -73.416341 -0.12 17.498 17.618 0.005 -0.071 0.007
808 22.521815 -73.421731 -0.846 19.526 20.372 0.073 0.168 0.109
809 22.435593 -73.421523 -0.466 17.943 18.409 0.013 -0.085 0.02
813 22.256096 -73.420285 0.031 18.507 18.476 0.012 -0.032 0.02
814 21.44811 -73.415975 -0.028 18.543 18.571 0.009 -0.001 0.013
816 22.654557 -73.421031 -0.75 14.278 15.028 0.01 -0.238 0.016
817 22.616927 -73.421189 -0.678 16.703 17.381 0.01 -0.143 0.016
818 22.583877 -73.420817 -0.857 18.279 19.136 0.022 -0.112 0.031
820 22.515671 -73.420453 -0.309 19.302 19.611 0.032 0.028 0.052
821 22.178309 -73.419573 -0.338 18.836 19.174 0.024 -0.063 0.035
825 22.44222 -73.419751 -0.374 16.3 16.674 0.008 -0.115 0.013
826 21.719737 -73.416759 -0.54 17.534 18.074 0.007 -0.023 0.01
828 21.757276 -73.416609 -0.031 19.968 19.999 0.028 0.068 0.039
829 22.642427 -73.419549 -0.705 16.614 17.319 0.01 -0.118 0.016
831 22.380615 -73.418329 -0.604 16.596 17.2 0.007 -0.114 0.011
832 21.349961 -73.413127 -0.129 18.831 18.96 0.013 -0.003 0.017
833 21.46109 -73.413249 -0.336 16.456 16.792 0.003 -0.07 0.005
837 22.679166 -73.418176 -1.195 14.042 15.237 0.013 -0.28 0.022
841 22.473416 -73.417409 -0.787 15.72 16.507 0.007 -0.142 0.012
842 22.137822 -73.416136 0.42 19.02 18.6 0.02 0.013 0.03
843 21.377112 -73.41155 0.169 15.663 15.494 0.003 -0.107 0.005
848 22.462978 -73.416527 -1.235 15.506 16.741 0.008 -0.188 0.013
854 22.416362 -73.416374 0.017 19.702 19.685 0.032 -0.061 0.048
855 21.956625 -73.414458 0.046 19.863 19.817 0.043 -0.023 0.071
856 21.479075 -73.411413 -0.516 18.484 19.0 0.011 -0.018 0.016
857 21.617638 -73.411931 -0.544 17.126 17.67 0.007 -0.034 0.01
858 21.409226 -73.410298 -0.342 17.074 17.416 0.018 -0.076 0.027
861 21.998398 -73.413849 -0.298 18.271 18.569 0.029 0.01 0.047
862 21.347096 -73.409734 0.016 19.292 19.276 0.015 0.003 0.021
866 22.604955 -73.415285 -0.207 19.814 20.021 0.044 0.037 0.062
867 22.666628 -73.414935 -0.802 17.431 18.233 0.011 -0.146 0.019
869 22.164236 -73.413357 0.445 19.885 19.44 0.027 0.007 0.044
870 21.359502 -73.408324 0.183 18.612 18.429 0.008 0.042 0.012
874 22.072688 -73.411837 -0.459 18.685 19.144 0.027 -0.041 0.044
875 21.910178 -73.411229 -0.188 18.434 18.622 0.009 0.059 0.013
876 21.900819 -73.410958 -0.604 16.11 16.714 0.003 -0.007 0.004
877 21.774139 -73.41006 0.464 19.848 19.384 0.015 0.132 0.022
878 21.375099 -73.407569 -0.006 16.961 16.967 0.007 -0.03 0.009
881 21.877841 -73.410685 -0.433 17.413 17.846 0.005 0.007 0.007
884 22.382685 -73.411873 -0.845 17.566 18.411 0.011 -0.1 0.02
886 22.223949 -73.410747 -0.74 16.647 17.387 0.008 -0.122 0.015
894 22.189663 -73.409849 -0.784 16.058 16.842 0.01 -0.111 0.017
900 22.415897 -73.409648 -1.04 16.521 17.561 0.008 -0.16 0.012
905 21.755934 -73.406075 -0.457 19.173 19.63 0.022 0.039 0.03
909 21.87809 -73.406185 -0.12 19.439 19.559 0.02 -0.028 0.028
910 22.575969 -73.408542 -0.504 19.99 20.494 0.072 0.149 0.111
911 22.508551 -73.408537 -0.212 19.541 19.753 0.026 -0.018 0.043
912 22.108848 -73.40743 -0.534 16.583 17.117 0.017 -0.105 0.029
913 21.98002 -73.406313 -0.599 17.525 18.124 0.034 -0.061 0.052
914 21.823094 -73.405455 -1.1 16.141 17.241 0.004 -0.053 0.006
919 22.494934 -73.407956 -0.756 18.456 19.212 0.019 -0.076 0.032
920 22.427497 -73.407888 -0.57 18.439 19.009 0.019 -0.06 0.032
921 22.056575 -73.406473 -0.628 17.271 17.899 0.023 -0.06 0.039
922 21.887309 -73.406014 0.046 19.614 19.568 0.021 0.117 0.029
923 21.354211 -73.402363 -0.646 19.917 20.563 0.046 0.081 0.065
926 22.089903 -73.405896 -0.264 18.702 18.966 0.025 -0.065 0.039
931 22.178726 -73.405976 1.009 18.537 17.528 0.009 0.072 0.014
932 21.454097 -73.402285 0.07 19.34 19.27 0.014 -0.027 0.02
933 21.44208 -73.40172 -0.341 18.438 18.779 0.011 -0.012 0.015
934 21.281753 -73.400654 -0.454 16.758 17.212 0.006 -0.084 0.008
937 21.323539 -73.400388 -0.404 19.845 20.249 0.037 0.108 0.054
940 22.344876 -73.405834 -0.526 16.774 17.3 0.007 -0.107 0.013
942 22.592159 -73.405638 -0.58 18.195 18.775 0.017 -0.106 0.026
943 22.516846 -73.405751 -0.271 19.094 19.365 0.025 0.01 0.041
945 21.35607 -73.39924 0.129 19.883 19.754 0.021 0.128 0.031
948 21.324279 -73.398676 0.856 19.872 19.016 0.013 1.009 0.026
951 21.722393 -73.401121 -0.72 17.544 18.264 0.007 -0.016 0.01
952 21.448133 -73.399824 0.055 18.47 18.415 0.015 -0.04 0.022
955 22.306693 -73.403319 -0.238 19.427 19.665 0.032 -0.154 0.043
957 21.311303 -73.397717 -0.439 16.12 16.559 0.005 -0.099 0.007
958 22.279627 -73.4032 -0.236 19.258 19.494 0.03 -0.021 0.042
959 21.89926 -73.401494 3.646 17.994 14.348 0.002 0.674 0.003
961 21.543194 -73.39851 0.334 15.392 15.058 0.002 -0.101 0.003
962 21.461787 -73.398659 -0.36 16.566 16.926 0.004 -0.047 0.006
963 21.392667 -73.397593 -0.002 17.903 17.905 0.006 0.028 0.009
964 22.548141 -73.403294 -1.119 14.354 15.473 0.008 -0.218 0.013
965 22.395259 -73.402512 -0.122 18.872 18.994 0.018 -0.097 0.026
966 22.046645 -73.401299 0.062 19.753 19.691 0.042 -0.073 0.07
968 22.503928 -73.402471 -0.828 14.133 14.961 0.009 -0.184 0.014
969 21.300117 -73.395746 0.225 19.169 18.944 0.013 0.068 0.017
971 21.956953 -73.399774 -0.285 19.687 19.972 0.052 -0.124 0.076
972 21.369322 -73.395471 -0.113 18.075 18.188 0.007 -0.027 0.01
973 21.35125 -73.395854 0.084 17.459 17.375 0.007 -0.025 0.01
974 22.647033 -73.401505 -0.885 17.934 18.819 0.02 -0.131 0.027
975 22.635567 -73.40106 0.201 19.82 19.619 0.039 -0.008 0.056
976 22.431954 -73.400889 -1.028 16.42 17.448 0.007 -0.143 0.012
977 22.377505 -73.401077 -0.203 19.324 19.527 0.029 -0.097 0.042
981 22.440049 -73.400588 -1.138 16.408 17.546 0.055 -0.254 0.07
985 21.772201 -73.397418 -0.017 19.2 19.217 0.016 0.014 0.021
986 21.750401 -73.397247 -0.044 18.603 18.647 0.01 0.081 0.013
987 21.492026 -73.395684 -0.011 19.471 19.482 0.018 0.041 0.025
988 21.458631 -73.395213 4.584 17.08 12.496 0.002 0.696 0.003
989 21.327937 -73.393924 0.367 19.848 19.481 0.02 0.021 0.028
991 22.590205 -73.399976 -0.553 19.019 19.572 0.03 -0.116 0.048
993 22.33173 -73.399134 -0.807 17.369 18.176 0.01 -0.107 0.017
994 21.708346 -73.396165 0.173 15.04 14.867 0.002 -0.107 0.002
995 21.536066 -73.3952 0.153 19.859 19.706 0.024 0.121 0.032
996 21.978895 -73.397547 -0.105 19.895 20.0 0.048 -0.021 0.079
998 22.354549 -73.398354 -0.577 17.787 18.364 0.01 -0.094 0.018
999 22.143663 -73.397514 -0.77 16.496 17.266 0.011 -0.094 0.02
1000 22.631393 -73.398787 -0.64 16.911 17.551 0.009 -0.13 0.014
1001 22.003474 -73.396353 -0.656 17.103 17.759 0.031 -0.065 0.05
1002 21.919324 -73.395753 -0.216 19.374 19.59 0.021 0.044 0.029
1006 22.210149 -73.396787 -0.17 19.414 19.584 0.026 -0.096 0.043
1007 21.437944 -73.392355 1.075 18.323 17.248 0.005 0.078 0.006
1009 21.348276 -73.391021 -0.002 16.762 16.764 0.004 -0.059 0.006
1011 22.138986 -73.395681 -0.609 19.409 20.018 0.043 0.035 0.063
1014 21.284412 -73.388992 0.047 19.829 19.782 0.023 -0.054 0.031
1016 21.566747 -73.391185 -0.308 19.16 19.468 0.019 0.03 0.026
1019 22.260768 -73.394155 -0.565 18.765 19.33 0.034 -0.07 0.045
1020 22.179867 -73.394053 -0.154 19.097 19.251 0.022 -0.039 0.038
1021 21.789601 -73.392288 0.035 18.032 17.997 0.006 0.031 0.008
1022 22.578168 -73.394748 -0.496 18.514 19.01 0.016 -0.06 0.03
1024 21.376675 -73.388679 0.255 15.79 15.535 0.005 -0.109 0.007
1026 22.15291 -73.393133 -0.008 19.353 19.361 0.019 -0.043 0.037
1027 21.914357 -73.392162 -0.434 17.355 17.789 0.004 -0.006 0.007
1028 21.392917 -73.388732 0.044 18.145 18.101 0.007 -0.009 0.01
1031 22.458299 -73.393396 -0.443 14.171 14.614 0.032 -0.037 0.036
1033 22.658828 -73.393176 -0.852 17.431 18.283 0.011 -0.125 0.018
1034 22.607609 -73.393071 -0.731 18.128 18.859 0.018 -0.107 0.025
1037 22.091668 -73.390968 -0.663 18.297 18.96 0.021 -0.047 0.038
1039 22.506761 -73.392374 -0.245 19.297 19.542 0.025 -0.085 0.041
1042 21.466268 -73.386863 -0.466 16.72 17.186 0.005 -0.054 0.007
1043 21.825258 -73.388684 -0.876 15.196 16.072 0.002 0.024 0.003
1044 21.75349 -73.388255 -0.081 19.493 19.574 0.021 0.101 0.028
1045 21.365995 -73.385474 -0.373 16.597 16.97 0.005 -0.071 0.007
1048 22.473276 -73.390859 -0.924 17.412 18.336 0.014 -0.151 0.021
1049 21.458142 -73.385716 -0.048 19.547 19.595 0.022 0.078 0.029
1053 22.425645 -73.390087 -0.019 19.44 19.459 0.023 -0.03 0.041
1056 22.442927 -73.389795 -1.27 14.28 15.55 0.005 -0.218 0.009
1057 21.928982 -73.387059 0.068 19.778 19.71 0.048 0.098 0.068
1059 22.185554 -73.388347 -0.517 17.732 18.249 0.011 -0.1 0.019
1060 21.310095 -73.382934 0.546 19.641 19.095 0.013 0.734 0.025
1064 21.86798 -73.386422 -0.428 18.853 19.281 0.016 0.026 0.022
1065 21.691958 -73.385113 -0.206 18.676 18.882 0.011 0.057 0.016
1066 21.414008 -73.383277 -0.31 17.561 17.871 0.006 -0.058 0.008
1067 22.645155 -73.388344 -0.914 16.848 17.762 0.008 -0.131 0.013
1068 22.213275 -73.387217 -0.934 17.492 18.426 0.013 -0.135 0.02
1069 21.976936 -73.386109 -0.231 19.297 19.528 0.042 -0.038 0.066
1073 22.235063 -73.386808 -1.062 14.266 15.328 0.007 -0.207 0.013
1074 21.510684 -73.382787 -0.625 16.419 17.044 0.003 -0.074 0.005
1075 21.343444 -73.381495 -0.143 17.987 18.13 0.009 0.001 0.013
1076 22.40073 -73.38681 0.133 19.926 19.793 0.033 0.033 0.053
1077 21.277191 -73.380476 -0.14 19.225 19.365 0.016 0.012 0.024
1078 21.355085 -73.38066 -0.412 17.166 17.578 0.006 -0.06 0.009
1080 21.987473 -73.384372 -0.752 18.183 18.935 0.028 -0.091 0.05
1081 21.299662 -73.380518 0.243 19.779 19.536 0.02 -0.028 0.028
1083 22.527134 -73.385843 -0.775 17.647 18.422 0.011 -0.093 0.018
1084 22.484073 -73.386123 -0.049 19.794 19.843 0.039 0.072 0.063
1093 22.604472 -73.384909 -0.39 18.519 18.909 0.018 -0.183 0.024
1094 22.105247 -73.383157 -0.539 18.687 19.226 0.02 -0.005 0.034
1095 21.926525 -73.382527 -0.317 19.846 20.163 0.058 0.073 0.096
1096 21.648845 -73.380868 -0.297 18.356 18.653 0.009 0.009 0.013
1097 21.329426 -73.378695 0.277 19.332 19.055 0.019 0.15 0.024
1099 22.424154 -73.384061 -0.687 18.043 18.73 0.019 -0.115 0.027
1100 21.971106 -73.382135 -0.666 17.292 17.958 0.033 -0.012 0.052
1102 22.654506 -73.384101 -0.062 19.638 19.7 0.024 -0.037 0.039
1103 22.581426 -73.383949 -0.727 15.619 16.346 0.006 -0.144 0.01
1104 22.452437 -73.383814 -0.545 19.44 19.985 0.043 -0.165 0.062
1105 21.980381 -73.382262 0.12 19.866 19.746 0.037 0.024 0.068
1108 21.293503 -73.377443 -0.389 17.055 17.444 0.006 -0.081 0.009
1114 22.207034 -73.382094 -1.024 14.416 15.44 0.006 -0.186 0.012
1115 22.280224 -73.381761 -0.824 16.243 17.067 0.009 -0.118 0.015
1116 21.343389 -73.376747 -0.125 18.252 18.377 0.008 -0.025 0.011
1118 22.261025 -73.381281 -0.463 16.9 17.363 0.042 0.202 0.053
1119 22.646947 -73.382041 0.084 19.641 19.557 0.025 -0.001 0.045
1120 22.375159 -73.381495 -0.612 18.631 19.243 0.027 -0.085 0.037
1121 21.778698 -73.378502 0.089 19.447 19.358 0.014 0.12 0.022
1122 21.37461 -73.376402 0.238 19.146 18.908 0.011 -0.002 0.016
1123 22.523717 -73.381528 -0.368 18.249 18.617 0.011 -0.067 0.02
1126 22.444024 -73.380894 -1.189 16.778 17.967 0.01 -0.187 0.015
1127 22.330468 -73.380214 -0.332 19.22 19.552 0.041 -0.064 0.057
1128 22.240432 -73.379635 -0.342 17.755 18.097 0.011 -0.08 0.016
1132 22.167261 -73.379001 -0.642 17.385 18.027 0.009 -0.088 0.017
1135 22.496949 -73.379698 -0.393 19.192 19.585 0.029 -0.118 0.043
1140 22.643172 -73.379118 -0.913 16.902 17.815 0.012 -0.092 0.016
1143 21.378344 -73.373669 -0.11 19.019 19.129 0.012 -0.009 0.017
1144 21.96928 -73.376793 -0.184 18.446 18.63 0.034 -0.047 0.055
1145 21.288459 -73.372061 -0.025 19.477 19.502 0.021 0.09 0.029
1146 22.306152 -73.377369 -0.979 15.365 16.344 0.009 -0.157 0.014
1147 22.267101 -73.377091 0.546 15.377 14.831 0.199 0.345 0.288
1148 21.797178 -73.374948 -0.237 18.544 18.781 0.01 0.028 0.014
1150 21.941488 -73.375483 -0.099 19.237 19.336 0.048 0.052 0.07
1151 22.55852 -73.377459 -0.886 17.934 18.82 0.018 -0.135 0.026
1152 22.18794 -73.376283 0.101 19.251 19.15 0.019 -0.053 0.028
1153 21.959748 -73.375501 0.091 20.0 19.909 0.05 -0.05 0.084
1154 21.63207 -73.373184 -0.68 17.611 18.291 0.007 -0.023 0.01
1155 21.503209 -73.37228 -0.802 17.044 17.846 0.006 -0.094 0.009
1161 21.437136 -73.370966 0.002 19.459 19.457 0.016 0.013 0.023
1162 21.278762 -73.369432 -0.419 18.574 18.993 0.014 -0.078 0.022
1165 22.50526 -73.374416 -0.123 18.997 19.12 0.023 -0.071 0.038
1166 22.03569 -73.372901 -0.56 17.79 18.35 0.025 -0.019 0.041
1167 21.966211 -73.372669 -0.642 17.831 18.473 0.039 -0.008 0.062
1169 21.34483 -73.368569 -0.961 19.942 20.903 0.068 0.346 0.102
1170 21.325966 -73.368503 0.17 19.489 19.319 0.017 0.0 0.023
1175 22.185489 -73.372951 -0.048 19.543 19.591 0.034 -0.093 0.045
1178 22.549453 -73.37401 -0.17 19.681 19.851 0.045 -0.095 0.064
1183 22.155226 -73.372344 -1.413 15.975 17.388 0.01 -0.174 0.017
1184 22.083563 -73.372162 -0.722 17.388 18.11 0.015 -0.04 0.026
1185 22.137008 -73.371491 -0.529 18.2 18.729 0.021 -0.09 0.031
1186 21.291448 -73.366804 0.097 16.684 16.587 0.005 -0.037 0.007
1187 22.32326 -73.371876 -0.117 19.118 19.235 0.035 -0.104 0.06
1188 21.793013 -73.369528 -0.48 18.917 19.397 0.016 -0.002 0.023
1189 21.351195 -73.36662 -0.068 18.575 18.643 0.011 -0.005 0.014
1193 22.640363 -73.372377 -0.878 14.441 15.319 0.007 -0.016 0.011
1194 22.194103 -73.371023 4.024 18.671 14.647 0.048 0.646 0.054
1195 21.468569 -73.366863 -0.371 17.99 18.361 0.007 -0.061 0.01
1199 22.492051 -73.371442 -1.274 15.251 16.525 0.007 -0.183 0.012
1200 21.848656 -73.368571 -0.688 15.842 16.53 0.003 -0.016 0.004
1201 21.64824 -73.367472 -0.422 18.492 18.914 0.011 0.016 0.016
1202 21.464208 -73.366102 -0.742 17.341 18.083 0.007 -0.08 0.01
1205 22.399254 -73.370214 -0.108 19.516 19.624 0.04 -0.094 0.059
1207 21.335632 -73.364654 0.058 19.136 19.078 0.014 0.0 0.02
1209 22.133888 -73.369165 -0.506 18.13 18.636 0.014 -0.096 0.027
1210 21.620013 -73.366046 -0.837 16.908 17.745 0.005 -0.035 0.007
1212 21.941035 -73.367484 -0.306 19.284 19.59 0.044 -0.041 0.075
1213 21.89812 -73.366962 -0.722 17.302 18.024 0.006 -0.04 0.009
1217 21.930867 -73.366615 3.959 18.981 15.022 0.051 0.662 0.079
1218 21.488572 -73.36411 -0.219 18.364 18.583 0.01 -0.01 0.013
1220 22.567081 -73.368434 -1.043 15.631 16.674 0.011 -0.174 0.016
1221 21.701469 -73.364836 -0.213 19.325 19.538 0.017 0.052 0.025
1224 21.341667 -73.361527 -0.393 16.659 17.052 0.005 -0.075 0.007
1229 22.380804 -73.366377 -0.053 19.558 19.611 0.036 -0.027 0.052
1230 22.665377 -73.367166 2.084 14.605 12.521 0.01 0.034 0.013
1231 22.298146 -73.366266 -0.538 17.689 18.227 0.012 -0.074 0.021
1234 21.356347 -73.360279 -0.148 17.293 17.441 0.006 -0.046 0.007
1237 21.53564 -73.361584 -0.889 18.542 19.431 0.018 0.035 0.025
1240 22.1053 -73.364194 -0.545 17.189 17.734 0.013 -0.072 0.023
1241 21.991309 -73.36322 -0.114 18.869 18.983 0.03 -0.014 0.05
1244 21.43639 -73.359701 4.098 19.967 15.869 0.002 0.898 0.004
1245 21.380789 -73.35865 4.901 17.214 12.313 0.002 0.716 0.003
1247 22.6366 -73.364627 -0.759 18.365 19.124 0.023 -0.141 0.034
1249 21.458279 -73.358746 4.493 15.971 11.478 0.003 0.634 0.006
1250 21.278837 -73.35716 0.727 19.013 18.286 0.011 -0.029 0.016
1251 21.275337 -73.357463 4.749 18.267 13.518 0.003 0.671 0.006
1254 21.225972 -73.35676 0.027 19.755 19.728 0.024 0.057 0.034
1257 22.415446 -73.362523 -0.355 18.969 19.324 0.026 -0.13 0.035
1258 22.358501 -73.362044 -0.166 19.823 19.989 0.036 -0.099 0.059
1259 22.295453 -73.362196 -0.631 18.574 19.205 0.021 -0.152 0.031
1260 21.834514 -73.360212 -0.11 19.23 19.34 0.017 0.048 0.023
1261 21.797081 -73.360014 -0.229 19.394 19.623 0.022 0.037 0.03
1262 21.321401 -73.356764 -0.097 18.684 18.781 0.01 0.026 0.014
1267 22.540532 -73.361971 -1.142 16.834 17.976 0.01 -0.165 0.013
1268 22.337539 -73.361258 -0.007 19.423 19.43 0.027 -0.085 0.038
1269 21.449821 -73.356426 0.106 18.823 18.717 0.012 0.044 0.017
1272 22.027415 -73.359888 0.035 19.734 19.699 0.044 0.033 0.073
1273 21.25601 -73.354653 -0.531 17.554 18.085 0.009 -0.071 0.013
1274 22.03827 -73.359225 -0.592 17.95 18.542 0.026 -0.039 0.041
1275 21.576301 -73.356559 -0.26 18.747 19.007 0.012 0.024 0.017
1277 22.567217 -73.360294 -0.514 17.734 18.248 0.012 -0.09 0.019
1278 22.39242 -73.360189 -0.351 19.389 19.74 0.032 -0.173 0.046
1279 21.522056 -73.355838 0.048 19.075 19.027 0.012 0.038 0.018
1281 22.373934 -73.35968 -0.979 16.817 17.796 0.012 -0.128 0.02
1282 21.333512 -73.353961 -0.084 19.369 19.453 0.019 -0.057 0.025
1284 22.669666 -73.360121 -0.342 15.566 15.908 0.006 -0.102 0.009
1285 22.578205 -73.359666 -0.559 18.165 18.724 0.012 -0.083 0.024
1288 21.306944 -73.353251 0.169 18.852 18.683 0.011 0.053 0.016
1291 21.746756 -73.355355 -0.669 17.124 17.793 0.005 -0.02 0.007
1295 22.588623 -73.358171 -1.042 17.375 18.417 0.011 -0.147 0.017
1296 22.208554 -73.357461 -0.377 18.533 18.91 0.02 -0.097 0.029
1297 21.678561 -73.354865 -0.359 19.435 19.794 0.025 0.061 0.035
1300 21.866017 -73.355485 -0.66 18.424 19.084 0.013 -0.04 0.018
1301 22.170293 -73.356265 -0.779 17.032 17.811 0.015 -0.131 0.029
1303 22.56687 -73.357324 -1.061 15.809 16.87 0.006 -0.17 0.01
1304 21.213999 -73.350193 0.305 19.819 19.514 0.019 -0.031 0.027
1306 21.903728 -73.354333 -0.364 19.653 20.017 0.03 0.045 0.04
1307 21.630384 -73.352353 -0.329 18.819 19.148 0.013 0.036 0.019
1308 22.458639 -73.355781 -0.098 19.982 20.08 0.044 -0.064 0.066
1309 22.063262 -73.354664 -0.377 17.918 18.295 0.016 -0.047 0.032
1310 21.701263 -73.352543 -0.503 18.526 19.029 0.013 -0.001 0.017
1311 21.318314 -73.349667 0.172 16.577 16.405 0.005 0.0 0.007
1315 21.285511 -73.348447 0.262 18.44 18.178 0.007 0.0 0.01
1316 22.425245 -73.354367 -0.005 18.111 18.116 0.016 -0.062 0.023
1320 22.053061 -73.352655 -0.595 18.579 19.174 0.031 -0.072 0.048
1321 22.003461 -73.352285 -0.513 18.299 18.812 0.033 -0.037 0.056
1322 21.744466 -73.351009 -0.115 18.731 18.846 0.01 0.043 0.015
1325 22.643677 -73.354172 -1.165 16.165 17.33 0.008 -0.179 0.012
1326 22.593924 -73.354224 -0.144 19.695 19.839 0.025 -0.052 0.048
1327 21.943724 -73.351714 -1.183 17.194 18.377 0.041 -0.107 0.07
1328 21.714862 -73.350285 2.009 16.717 14.708 0.002 1.149 0.003
1329 21.209139 -73.34617 -0.037 18.717 18.754 0.012 -0.028 0.019
1331 22.179369 -73.352358 -0.313 18.68 18.993 0.019 -0.062 0.03
1332 22.309041 -73.352643 -0.638 18.685 19.323 0.025 -0.088 0.039
1335 22.383037 -73.352367 -0.249 18.521 18.77 0.018 -0.076 0.025
1336 22.335781 -73.352226 -0.643 17.474 18.117 0.012 -0.083 0.021
1337 22.150629 -73.351435 -0.415 19.63 20.045 0.043 -0.097 0.066
1338 22.083679 -73.350997 0.005 19.149 19.144 0.021 -0.053 0.034
1339 21.279037 -73.345271 -0.146 18.37 18.516 0.009 -0.061 0.013
1341 22.353258 -73.351837 0.035 19.788 19.753 0.035 0.001 0.055
1342 22.049269 -73.350465 -0.11 18.816 18.926 0.027 -0.015 0.045
1343 21.494138 -73.347289 -0.203 15.593 15.796 0.002 -0.08 0.003
1344 21.383152 -73.34639 -0.131 19.349 19.48 0.02 -0.18 0.033
1346 22.600799 -73.351924 -0.802 17.062 17.864 0.008 -0.121 0.013
1347 22.056473 -73.350492 -0.165 19.395 19.56 0.033 -0.017 0.061
1348 21.849848 -73.349284 -0.51 18.439 18.949 0.013 0.047 0.018
1350 22.418532 -73.351214 0.037 19.853 19.816 0.033 -0.088 0.047
1351 21.802925 -73.348668 -0.429 19.406 19.835 0.022 0.042 0.031
1353 22.43355 -73.350605 -0.589 17.678 18.267 0.014 -0.13 0.021
1354 22.267333 -73.350007 -0.112 19.473 19.585 0.034 -0.001 0.049
1355 22.276622 -73.349772 -1.139 17.543 18.682 0.017 -0.114 0.03
1356 21.94157 -73.348243 -1.015 16.358 17.373 0.044 -0.093 0.071
1360 22.022356 -73.347735 -0.571 18.506 19.077 0.029 -0.059 0.046
1361 21.273086 -73.343448 -0.343 17.41 17.753 0.008 -0.073 0.011
1362 21.696689 -73.345824 0.145 19.762 19.617 0.02 0.114 0.03
1365 22.403539 -73.347789 -0.264 18.358 18.622 0.018 -0.039 0.027
1366 22.57773 -73.348166 -0.302 18.51 18.812 0.014 -0.107 0.023
1367 22.087316 -73.346521 -0.435 18.793 19.228 0.022 -0.088 0.034
1368 21.957634 -73.346049 0.564 17.881 17.317 0.039 0.01 0.063
1369 22.568338 -73.347815 -1.345 14.081 15.426 0.005 -0.236 0.01
1370 22.357158 -73.34711 -0.694 17.821 18.515 0.015 -0.054 0.025
1371 21.716409 -73.344296 2.108 18.942 16.834 0.004 0.575 0.006
1372 21.326206 -73.341444 -0.091 19.227 19.318 0.018 -0.021 0.024
1373 22.599414 -73.347129 -0.761 18.313 19.074 0.016 -0.138 0.026
1374 22.530907 -73.34696 -0.467 18.895 19.362 0.053 -0.475 0.075
1375 22.41162 -73.346664 -0.849 17.188 18.037 0.014 -0.127 0.023
1376 22.198292 -73.345705 -0.286 17.935 18.221 0.012 -0.062 0.02
1377 22.143654 -73.346036 0.34 19.944 19.604 0.024 0.047 0.044
1379 21.765596 -73.343806 -0.024 19.578 19.602 0.023 0.033 0.034
1381 21.632804 -73.342344 -0.041 19.357 19.398 0.018 0.11 0.024
1382 21.374755 -73.340861 0.058 19.719 19.661 0.029 0.0 0.038
1384 21.951292 -73.343409 -0.642 17.296 17.938 0.049 -0.073 0.077
1385 21.816108 -73.342719 -0.799 17.411 18.21 0.007 0.005 0.01
1386 21.216885 -73.338385 0.108 16.203 16.095 0.009 -0.046 0.013
1387 21.409096 -73.339446 0.127 19.816 19.689 0.031 0.004 0.038
1388 22.432924 -73.3443 -0.351 18.532 18.883 0.016 -0.125 0.025
1389 22.36214 -73.344358 -0.364 19.086 19.45 0.026 0.013 0.037
1390 21.613083 -73.34056 -0.338 19.652 19.99 0.029 0.115 0.042
1391 21.342229 -73.338522 -0.227 19.216 19.443 0.022 0.02 0.029
1393 22.224315 -73.343347 -0.659 17.29 17.949 0.011 -0.102 0.017
1394 21.847216 -73.341512 -0.429 18.319 18.748 0.01 0.028 0.014
1395 21.464576 -73.338836 -0.284 17.764 18.048 0.006 -0.014 0.009
1399 22.559806 -73.343885 -0.867 17.475 18.342 0.008 -0.126 0.014
1400 22.547463 -73.343506 -1.081 16.088 17.169 0.007 -0.157 0.013
1401 22.162277 -73.342455 0.055 19.892 19.837 0.039 -0.026 0.057
1402 21.965254 -73.341079 -0.77 16.614 17.384 0.045 -0.031 0.07
1404 22.595775 -73.342912 -2.831 15.071 17.902 0.045 -0.157 0.071
1405 22.479743 -73.342722 -1.252 15.328 16.58 0.009 -0.185 0.015
1406 22.433701 -73.34255 -0.245 19.303 19.548 0.028 -0.038 0.048
1407 22.329572 -73.341776 -0.867 17.363 18.23 0.016 -0.101 0.025
1408 21.472267 -73.337641 0.045 18.659 18.614 0.009 0.027 0.013
1409 22.056425 -73.340665 -0.667 17.226 17.893 0.024 -0.043 0.038
1413 21.240922 -73.334541 0.247 19.156 18.909 0.015 0.029 0.021
1415 21.389255 -73.334991 -0.177 18.946 19.123 0.013 -0.034 0.017
1417 22.329617 -73.340134 -0.94 17.178 18.118 0.012 -0.165 0.02
1418 22.173274 -73.339493 -0.49 19.048 19.538 0.036 -0.091 0.052
1419 21.758488 -73.337526 -1.011 17.151 18.162 0.007 -0.026 0.01
1420 21.452571 -73.335524 -0.389 17.558 17.947 0.007 -0.037 0.01
1423 22.451905 -73.339077 -0.331 19.363 19.694 0.028 0.005 0.052
1425 22.351411 -73.338227 -0.3 18.832 19.132 0.022 -0.113 0.037
1426 22.05291 -73.337049 -0.77 17.238 18.008 0.023 -0.047 0.042
1428 22.225873 -73.337552 -0.38 18.83 19.21 0.019 -0.116 0.031
1429 22.408984 -73.337365 -0.735 19.003 19.738 0.036 -0.126 0.05
1430 22.186324 -73.336773 -0.27 19.209 19.479 0.025 -0.068 0.043
1432 21.311869 -73.33083 0.215 19.258 19.043 0.013 0.183 0.02
1433 21.205859 -73.329579 -0.147 18.039 18.186 0.01 -0.035 0.014
1435 22.003798 -73.334698 -0.284 18.612 18.896 0.034 0.237 0.072
1436 22.175703 -73.334668 -0.918 16.348 17.266 0.029 -0.173 0.037
1437 22.069911 -73.334404 3.88 19.172 15.292 0.04 0.764 0.057
1438 21.741513 -73.332708 -0.173 19.513 19.686 0.02 0.036 0.028
1439 21.402344 -73.330611 0.31 17.426 17.116 0.003 0.009 0.005
1442 22.535895 -73.335633 -0.235 19.622 19.857 0.03 -0.167 0.047
1443 22.385429 -73.335298 -0.775 17.901 18.676 0.017 -0.147 0.024
1447 22.343121 -73.334712 -0.387 19.698 20.085 0.044 -0.132 0.061
1448 21.902554 -73.332683 -0.745 17.231 17.976 0.012 0.02 0.015
1449 21.237558 -73.32797 -0.583 16.816 17.399 0.009 -0.098 0.013
1451 21.517012 -73.32918 0.003 17.045 17.042 0.003 -0.002 0.005
1452 21.976336 -73.331804 0.113 19.887 19.774 0.053 0.046 0.082
1453 21.651946 -73.330221 -0.434 18.378 18.812 0.009 -0.021 0.013
1455 21.76852 -73.329604 -0.572 17.895 18.467 0.011 -0.012 0.014
1456 22.395909 -73.33214 -0.837 17.388 18.225 0.014 -0.157 0.023
1458 21.825232 -73.329426 -0.455 19.436 19.891 0.03 0.018 0.04
1460 21.89815 -73.328989 -0.334 19.122 19.456 0.017 0.137 0.025
1461 21.811333 -73.328436 -0.376 19.689 20.065 0.031 0.09 0.046
1463 22.248609 -73.330511 -1.311 16.037 17.348 0.011 -0.165 0.017
1464 21.295597 -73.324835 0.674 19.603 18.929 0.027 0.212 0.035
1466 22.124862 -73.329771 -0.233 19.645 19.878 0.049 -0.037 0.071
1467 21.61007 -73.326789 -0.638 18.638 19.276 0.017 0.044 0.022
1468 21.453159 -73.325917 0.038 19.572 19.534 0.02 0.067 0.028
1470 21.647969 -73.326633 0.156 19.391 19.235 0.015 0.094 0.021
1471 21.403786 -73.32498 -0.353 18.337 18.69 0.011 -0.015 0.015
1472 22.063231 -73.328489 -0.221 19.676 19.897 0.044 0.036 0.066
1473 22.348907 -73.32934 -1.412 15.187 16.599 0.01 -0.197 0.017
1474 22.310943 -73.328953 -0.407 18.0 18.407 0.013 -0.082 0.023
1475 22.15231 -73.328753 -0.258 19.032 19.29 0.02 -0.1 0.035
1476 22.106574 -73.328448 -0.468 19.189 19.657 0.029 -0.049 0.048
1477 21.816362 -73.326914 0.1 19.921 19.821 0.024 0.038 0.034
1479 21.219967 -73.322577 -0.431 15.897 16.328 0.009 -0.127 0.013
1482 22.453842 -73.329332 -0.246 19.93 20.176 0.045 0.032 0.077
1483 21.768243 -73.326104 -0.583 18.827 19.41 0.018 0.017 0.024
1484 21.456964 -73.323897 0.126 19.993 19.867 0.024 0.051 0.035
1486 22.484111 -73.328958 -0.241 19.088 19.329 0.03 -0.123 0.04
1487 21.526067 -73.323925 -0.974 15.807 16.781 0.003 -0.1 0.004
1489 22.527145 -73.328365 0.373 19.936 19.563 0.053 -0.018 0.08
1490 22.514545 -73.327815 -0.479 16.67 17.149 0.009 -0.117 0.015
1491 22.32022 -73.327489 -0.802 18.414 19.216 0.023 -0.128 0.033
1492 21.308841 -73.321568 -0.191 16.942 17.133 0.007 -0.061 0.01
1494 22.620566 -73.327778 -1.096 14.884 15.98 0.005 -0.18 0.008
1495 22.045398 -73.325873 -0.563 18.559 19.122 0.033 -0.018 0.052
1498 22.258043 -73.326445 -0.986 16.978 17.964 0.013 -0.165 0.02
1499 22.245313 -73.326545 -0.544 18.301 18.845 0.019 -0.088 0.026
1500 21.668801 -73.323144 -0.334 19.679 20.013 0.03 0.091 0.042
1501 21.423925 -73.321388 -0.332 17.277 17.609 0.004 -0.026 0.006
1507 21.70533 -73.322464 -0.807 16.477 17.284 0.004 -0.021 0.006
1508 21.61613 -73.321783 -0.327 18.766 19.093 0.013 0.063 0.018
1509 21.344871 -73.320043 2.302 18.898 16.596 0.004 0.82 0.006
1511 22.666375 -73.32575 -1.105 15.907 17.012 0.027 -0.19 0.038
1512 22.392517 -73.325068 -0.374 17.875 18.249 0.012 -0.085 0.023
1513 21.683872 -73.322007 -0.543 18.836 19.379 0.019 -0.043 0.025
1514 21.211062 -73.318314 -0.295 15.747 16.042 0.01 -0.14 0.014
1515 21.26342 -73.318188 0.313 19.664 19.351 0.018 -0.036 0.027
1518 22.488739 -73.324473 -1.088 15.579 16.667 0.008 -0.159 0.014
1519 22.437788 -73.324463 -1.466 15.672 17.138 0.036 -0.43 0.044
1520 22.018245 -73.32277 -0.436 19.274 19.71 0.041 0.023 0.075
1521 21.62382 -73.320969 -0.382 18.371 18.753 0.01 -0.011 0.014
1522 21.556666 -73.320435 -0.648 17.798 18.446 0.008 -0.034 0.01
1525 22.106167 -73.322686 0.218 19.996 19.778 0.037 0.033 0.06
1526 22.629718 -73.323395 -0.366 18.898 19.264 0.024 -0.101 0.038
1527 22.255009 -73.322672 -1.287 15.676 16.963 0.008 -0.178 0.014
1528 21.382247 -73.317221 3.787 19.593 15.806 0.002 0.668 0.003
1531 21.981837 -73.321104 -0.601 16.956 17.557 0.044 -0.055 0.069
1532 21.522374 -73.318438 -0.374 16.172 16.546 0.002 -0.034 0.003
1533 22.277176 -73.321726 -0.823 16.719 17.542 0.01 -0.101 0.016
1536 22.640532 -73.322166 0.518 19.441 18.923 0.015 -0.026 0.027
1538 22.059022 -73.319608 -0.155 18.882 19.037 0.033 0.026 0.052
1539 22.001328 -73.319306 -0.559 18.657 19.216 0.043 0.0 0.07
1540 21.900878 -73.31957 -0.316 19.122 19.438 0.018 0.017 0.025
1541 22.118248 -73.319401 -0.335 19.223 19.558 0.037 -0.113 0.054
1543 21.864999 -73.318215 -0.576 19.235 19.811 0.027 0.049 0.037
1544 21.458423 -73.315413 -0.271 16.943 17.214 0.009 -0.034 0.015
1545 22.133191 -73.318653 -0.481 19.385 19.866 0.041 -0.053 0.062
1549 22.385355 -73.318991 -0.502 18.536 19.038 0.022 -0.11 0.031
1550 22.511977 -73.319479 -0.42 19.878 20.298 0.063 -0.005 0.093
1551 22.347755 -73.318934 -0.688 18.504 19.192 0.018 -0.071 0.035
1556 21.828255 -73.316148 -0.808 18.413 19.221 0.016 0.033 0.021
1557 21.390433 -73.313183 -0.342 17.878 18.22 0.007 -0.031 0.01
1558 21.974895 -73.316308 -0.145 18.632 18.777 0.043 0.459 0.066
1559 21.657049 -73.31491 -0.794 16.781 17.575 0.004 -0.044 0.006
1561 22.40872 -73.317853 0.006 19.914 19.908 0.033 0.003 0.057
1562 22.124583 -73.317159 -0.044 19.494 19.538 0.025 -0.099 0.048
1564 22.298849 -73.316946 -0.68 18.045 18.725 0.013 -0.121 0.022
1565 21.812829 -73.314402 -0.348 19.228 19.576 0.019 -0.018 0.025
1567 22.414492 -73.316423 -0.457 18.755 19.212 0.018 -0.073 0.03
1568 22.235394 -73.315846 -0.566 18.624 19.19 0.022 0.034 0.034
1572 22.544375 -73.315776 0.196 13.872 13.676 0.005 0.022 0.009
1573 21.307887 -73.309185 -0.463 19.539 20.002 0.029 0.061 0.041
1576 22.364351 -73.315081 -0.177 19.835 20.012 0.042 0.29 0.069
1577 21.759346 -73.312358 -0.064 18.938 19.002 0.013 0.073 0.018
1580 21.223111 -73.308061 0.117 17.545 17.428 0.012 0.002 0.017
1582 21.329793 -73.308549 0.136 19.352 19.216 0.014 -0.018 0.02
1585 21.682873 -73.310459 -0.813 18.413 19.226 0.016 -0.014 0.021
1586 21.66346 -73.310282 -0.713 17.584 18.297 0.007 -0.024 0.01
1587 21.558866 -73.309806 -0.376 14.929 15.305 0.002 -0.123 0.002
1588 21.288263 -73.307513 0.001 19.65 19.649 0.023 -0.055 0.03
1590 22.51101 -73.31354 -0.526 19.192 19.718 0.036 -0.037 0.051
1591 22.063134 -73.312263 -0.788 17.928 18.716 0.03 -0.08 0.051
1592 22.109581 -73.312037 -0.043 19.999 20.042 0.05 -0.049 0.077
1593 21.915601 -73.311242 -0.844 18.287 19.131 0.013 0.017 0.018
1594 21.228951 -73.306517 0.104 19.472 19.368 0.02 -0.021 0.027
1596 22.178854 -73.311977 3.328 18.171 14.843 0.044 0.583 0.052
1597 21.434394 -73.307811 0.006 18.808 18.802 0.011 0.026 0.015
1598 22.267357 -73.311689 -0.8 16.92 17.72 0.014 -0.105 0.023
1599 21.937505 -73.310109 -0.674 17.924 18.598 0.048 -0.014 0.082
1600 21.773217 -73.309534 5.36 19.97 14.61 0.002 0.925 0.003
1601 22.515339 -73.312033 -0.499 17.68 18.179 0.01 -0.111 0.017
1602 22.426153 -73.31177 -0.76 16.284 17.044 0.01 -0.13 0.016
1603 22.400572 -73.311917 -0.888 15.702 16.59 0.009 -0.124 0.016
1604 21.611505 -73.307695 5.795 19.794 13.999 0.002 0.915 0.003
1605 21.239861 -73.305458 0.015 19.431 19.416 0.021 0.056 0.03
1606 22.124558 -73.310563 -0.549 18.606 19.155 0.031 -0.067 0.047
1607 21.637904 -73.30779 -1.059 16.258 17.317 0.004 -0.07 0.006
1608 21.364256 -73.305872 -0.529 19.494 20.023 0.031 0.149 0.045
1611 22.606227 -73.311515 4.933 18.08 13.147 0.007 0.676 0.01
1612 22.081121 -73.309695 -0.214 19.444 19.658 0.033 0.019 0.05
1613 21.419885 -73.305722 -0.374 17.842 18.216 0.007 -0.03 0.01
1616 21.493026 -73.305866 -0.517 18.659 19.176 0.015 0.047 0.021
1619 22.106961 -73.308844 -0.303 19.442 19.745 0.038 -0.004 0.059
1620 21.968813 -73.308031 -0.416 19.854 20.27 0.068 -0.088 0.105
1625 22.612947 -73.309464 -0.433 19.189 19.622 0.032 -0.008 0.046
1626 22.147018 -73.308274 0.081 19.37 19.289 0.039 0.09 0.057
1627 21.795556 -73.306253 -1.006 15.244 16.25 0.003 -0.069 0.004
1632 21.834869 -73.306388 -0.265 19.903 20.168 0.033 0.071 0.048
1634 21.614686 -73.304409 -0.908 16.366 17.274 0.003 -0.057 0.005
1635 21.546299 -73.304183 0.17 19.029 18.859 0.011 0.038 0.016
1636 22.413555 -73.307916 -0.82 17.863 18.683 0.018 -0.136 0.027
1637 21.816354 -73.305223 -0.612 19.824 20.436 0.033 0.0 0.051
1638 21.599242 -73.303739 -0.764 17.24 18.004 0.006 -0.012 0.008
1639 21.454666 -73.302519 -0.444 19.066 19.51 0.019 0.019 0.027
1641 22.19763 -73.306519 -1.102 13.939 15.041 0.015 -0.189 0.021
1642 21.286872 -73.301392 0.203 19.541 19.338 0.016 -0.015 0.022
1644 22.148116 -73.305445 -0.331 19.477 19.808 0.041 -0.007 0.06
1645 22.128031 -73.305196 -0.599 18.541 19.14 0.031 -0.112 0.045
1649 21.667802 -73.302495 -0.567 17.386 17.953 0.006 -0.026 0.009
1653 21.800202 -73.303109 -0.726 17.345 18.071 0.006 -0.008 0.009
1658 21.566077 -73.300719 -0.231 19.791 20.022 0.028 0.084 0.041
1659 21.755711 -73.302214 -0.706 18.016 18.722 0.011 -0.065 0.019
1662 22.173546 -73.303398 -1.616 15.316 16.932 0.038 -0.196 0.069
1663 22.127343 -73.303549 -0.145 19.252 19.397 0.029 -0.005 0.049
1664 21.942393 -73.302655 -0.558 19.103 19.661 0.058 -0.095 0.092
1665 21.320562 -73.297888 0.569 19.632 19.063 0.015 0.059 0.021
1667 21.788272 -73.301439 -1.189 16.087 17.276 0.004 -0.06 0.006
1668 21.775747 -73.301114 -0.894 15.431 16.325 0.002 -0.022 0.003
1669 21.697494 -73.300773 -0.585 18.474 19.059 0.013 0.02 0.018
1671 22.560983 -73.303952 -0.778 17.986 18.764 0.016 -0.099 0.023
1672 21.826792 -73.301 -1.405 15.25 16.655 0.003 -0.093 0.004
1673 21.68535 -73.300307 0.132 19.609 19.477 0.018 0.08 0.025
1675 22.301828 -73.303053 -0.845 18.527 19.372 0.026 -0.112 0.036
1677 22.118729 -73.301822 -0.284 19.599 19.883 0.046 -0.064 0.07
1678 22.101521 -73.301617 -1.198 15.455 16.653 0.028 -0.127 0.048
1680 22.462311 -73.302176 -0.519 18.875 19.394 0.024 -0.124 0.038
1681 22.352795 -73.301965 -0.754 16.551 17.305 0.011 -0.131 0.015
1682 22.273569 -73.301741 -0.273 19.729 20.002 0.035 -0.061 0.055
1684 21.637219 -73.298262 -0.215 19.959 20.174 0.03 -0.003 0.04
1687 21.697267 -73.298437 -0.464 18.242 18.706 0.011 -0.008 0.014
1688 21.392948 -73.29643 -0.16 18.85 19.01 0.012 -0.037 0.017
1691 22.536325 -73.301344 -0.942 18.207 19.149 0.023 -0.089 0.032
1694 21.948386 -73.298695 -0.808 16.372 17.18 0.053 -0.01 0.089
1696 22.466546 -73.300381 -0.824 17.888 18.712 0.014 -0.11 0.021
1698 22.584496 -73.300163 -0.225 18.293 18.518 0.014 -0.103 0.018
1699 22.287977 -73.299388 -1.276 15.53 16.806 0.008 -0.155 0.013
1700 21.858053 -73.297681 -0.547 18.775 19.322 0.017 0.01 0.024
1701 21.713457 -73.296969 -0.666 19.675 20.341 0.04 0.164 0.059
1702 21.57586 -73.295828 -0.374 14.918 15.292 0.002 -0.022 0.002
1704 21.907047 -73.297159 0.065 19.797 19.732 0.022 0.114 0.033
1707 21.796146 -73.295527 -0.11 19.372 19.482 0.021 0.104 0.029
1708 21.480756 -73.293474 -0.94 16.468 17.408 0.004 -0.078 0.006
1711 21.950479 -73.295717 -1.017 16.346 17.363 0.055 -0.058 0.09
1715 22.010252 -73.295646 -0.505 19.708 20.213 0.064 -0.005 0.11
1716 21.732686 -73.294124 -0.469 16.979 17.448 0.004 0.039 0.006
1717 21.600948 -73.293302 0.613 14.916 14.303 0.001 -0.102 0.002
1722 21.609688 -73.292374 -0.669 15.461 16.13 0.002 -0.111 0.003
1723 21.552071 -73.292226 -0.598 17.018 17.616 0.006 -0.002 0.008
1724 21.526897 -73.292171 -0.894 17.066 17.96 0.006 -0.06 0.008
1726 22.247979 -73.295261 -0.904 17.149 18.053 0.01 -0.096 0.016
1727 22.19194 -73.294928 -1.428 15.517 16.945 0.014 -0.218 0.024
1728 21.706474 -73.291677 -0.353 19.726 20.079 0.035 0.036 0.047
1729 22.395191 -73.294373 -0.568 17.37 17.938 0.011 -0.067 0.016
1731 21.707817 -73.291017 -0.338 19.547 19.885 0.025 0.023 0.035
1732 21.566273 -73.289571 -0.523 18.672 19.195 0.013 0.027 0.02
1737 22.445615 -73.292959 -0.973 17.692 18.665 0.016 -0.136 0.023
1738 22.279523 -73.291997 0.124 18.867 18.743 0.022 -0.05 0.028
1739 21.331607 -73.286682 0.059 15.591 15.532 0.007 -0.155 0.01
1741 21.688363 -73.288913 -0.576 18.587 19.163 0.014 0.058 0.02
1743 22.532642 -73.291635 0.2 19.541 19.341 0.029 -0.033 0.041
1744 22.301322 -73.29101 -0.455 13.884 14.339 0.008 -0.067 0.01
1745 22.255159 -73.291017 -0.949 17.473 18.422 0.011 -0.085 0.02
1746 22.246874 -73.29103 -0.435 18.77 19.205 0.02 -0.132 0.048
1753 22.604112 -73.290595 -0.627 17.859 18.486 0.012 -0.104 0.018
1754 21.266096 -73.283615 0.077 15.729 15.652 0.01 -0.129 0.014
1756 21.827306 -73.287173 -0.747 17.693 18.44 0.008 0.039 0.013
1757 21.651408 -73.286508 -0.248 19.735 19.983 0.026 0.076 0.037
1758 21.637045 -73.286104 -0.029 19.047 19.076 0.013 0.015 0.019
1759 21.542445 -73.285705 -0.799 17.131 17.93 0.006 -0.053 0.009
1761 21.473683 -73.284911 -0.593 18.575 19.168 0.014 0.017 0.02
1762 21.461981 -73.284441 -0.375 19.82 20.195 0.029 0.102 0.043
1763 21.242431 -73.282574 -0.219 19.753 19.972 0.029 -0.117 0.038
1765 21.626493 -73.285233 -0.61 18.513 19.123 0.015 0.02 0.021
1766 21.338141 -73.283193 -1.014 15.972 16.986 0.008 -0.115 0.012
1767 21.994977 -73.286868 -0.691 17.941 18.632 0.05 0.026 0.087
1768 21.500724 -73.283904 -0.935 17.128 18.063 0.006 -0.034 0.009
1773 22.278507 -73.287676 -1.27 15.336 16.606 0.009 -0.163 0.016
1774 21.743875 -73.285125 0.14 19.68 19.54 0.022 0.134 0.031
1776 21.714054 -73.284591 -0.952 17.222 18.174 0.007 -0.049 0.01
1777 21.492261 -73.283036 -0.579 17.331 17.91 0.005 -0.005 0.007
1780 21.938717 -73.285479 3.778 18.584 14.806 0.062 0.637 0.108
1782 21.403549 -73.281597 -0.22 18.571 18.791 0.011 0.028 0.016
1783 21.259117 -73.280404 -0.05 15.743 15.793 0.011 -0.043 0.016
1784 21.239477 -73.280258 -0.625 18.72 19.345 0.133 -0.504 0.147
1787 21.781943 -73.283272 -0.25 19.628 19.878 0.034 0.018 0.047
1788 21.662062 -73.282584 -0.482 19.016 19.498 0.017 0.009 0.025
1790 22.198201 -73.284996 -0.426 18.948 19.374 0.033 -0.094 0.051
1791 21.803105 -73.283098 -0.539 19.05 19.589 0.021 -0.059 0.029
1793 22.644241 -73.285788 0.023 19.94 19.917 0.035 0.003 0.056
1794 21.899751 -73.282856 -0.319 16.971 17.29 0.004 0.0 0.006
1795 21.517298 -73.280973 -0.155 18.213 18.368 0.008 0.01 0.011
1796 22.473325 -73.284426 -0.728 18.03 18.758 0.018 -0.124 0.025
1799 22.659611 -73.283801 -0.321 18.926 19.247 0.021 -0.042 0.039
1800 21.668582 -73.280217 0.041 19.797 19.756 0.021 0.206 0.031
1803 22.226072 -73.282525 -0.411 19.284 19.695 0.028 -0.096 0.049
1804 21.795591 -73.280686 -0.773 19.561 20.334 0.041 0.043 0.055
1805 21.243519 -73.276794 -0.302 19.938 20.24 0.037 -0.087 0.052
1806 21.322705 -73.276898 -1.071 19.512 20.583 0.048 -0.182 0.063
1810 21.648684 -73.278666 -0.214 19.814 20.028 0.03 0.038 0.04
1811 21.305155 -73.276073 -0.248 18.042 18.29 0.01 -0.092 0.015
1812 21.196703 -73.275105 -0.124 19.382 19.506 0.042 -0.102 0.052
1813 22.106742 -73.280971 -0.801 16.676 17.477 0.034 -0.094 0.059
1817 21.881646 -73.278868 -0.437 19.654 20.091 0.033 0.094 0.045
1818 21.543591 -73.276604 -0.151 19.086 19.237 0.015 0.036 0.021
1822 21.26718 -73.274331 -0.477 17.55 18.027 0.011 -0.101 0.016
1825 22.037317 -73.278244 -0.83 16.684 17.514 0.049 -0.079 0.081
1826 21.25156 -73.273253 0.426 19.697 19.271 0.018 0.027 0.026
1831 21.333089 -73.273572 -0.839 17.069 17.908 0.009 -0.097 0.013
1832 22.128396 -73.278173 -0.078 19.742 19.82 0.05 -0.01 0.086
1835 22.238757 -73.277988 -1.024 16.237 17.261 0.018 -0.131 0.029
1837 21.842092 -73.275198 -0.532 18.717 19.249 0.013 -0.038 0.018
1838 21.442114 -73.272452 0.277 19.479 19.202 0.014 0.033 0.02
1839 21.302654 -73.271024 -0.301 17.351 17.652 0.01 -0.096 0.014
1843 22.047158 -73.27548 -0.505 19.275 19.78 0.068 0.321 0.115
1844 21.858396 -73.27496 -0.364 19.536 19.9 0.025 0.018 0.036
1845 21.396767 -73.271367 -0.798 15.712 16.51 0.006 -0.098 0.008
1846 21.357612 -73.271261 0.116 19.988 19.872 0.023 0.084 0.037
1847 21.243717 -73.270115 -0.635 17.854 18.489 0.015 -0.115 0.021
1850 22.435852 -73.276467 -0.623 18.896 19.519 0.056 -0.23 0.076
1851 21.82888 -73.273898 -0.316 19.698 20.014 0.027 0.074 0.039
1852 21.637861 -73.272478 -0.429 18.25 18.679 0.013 -0.014 0.017
1853 21.317294 -73.270146 -0.338 19.548 19.886 0.027 0.06 0.041
1856 22.312021 -73.274995 4.542 18.643 14.101 0.013 0.716 0.024
1857 21.57776 -73.271937 -0.699 18.162 18.861 0.01 0.005 0.014
1858 21.508266 -73.271093 0.141 19.807 19.666 0.021 0.109 0.031
1860 21.56829 -73.270974 -0.523 16.536 17.059 0.003 -0.02 0.005
1861 21.253073 -73.268588 4.834 19.187 14.353 0.013 0.719 0.018
1865 22.512791 -73.274969 -0.497 16.871 17.368 0.009 -0.112 0.017
1866 21.493228 -73.27013 -0.7 17.428 18.128 0.007 -0.027 0.01
1867 21.954966 -73.272675 -1.272 19.059 20.331 0.09 0.067 0.125
1868 21.314115 -73.268584 -0.011 19.886 19.897 0.027 0.073 0.041
1872 21.629791 -73.270724 -0.235 19.913 20.148 0.026 0.033 0.038
1873 21.541874 -73.269358 -0.631 18.019 18.65 0.008 -0.013 0.013
1875 21.609664 -73.269911 -0.142 19.04 19.182 0.014 0.045 0.02
1876 21.272034 -73.267247 0.059 17.544 17.485 0.011 -0.012 0.016
1878 22.20398 -73.272559 -1.011 17.16 18.171 0.024 -0.117 0.039
1879 21.334832 -73.267696 0.726 19.576 18.85 0.018 0.093 0.024
1881 22.58147 -73.273412 -0.286 18.648 18.934 0.022 -0.088 0.032
1882 21.72603 -73.269744 -0.632 18.606 19.238 0.016 0.027 0.022
1885 21.602267 -73.268718 -0.681 18.246 18.927 0.013 -0.055 0.017
1887 21.349911 -73.266188 -0.275 19.67 19.945 0.026 -0.001 0.038
1893 21.783291 -73.26855 -0.878 17.99 18.868 0.01 -0.029 0.015
1895 21.877337 -73.268302 -0.956 18.141 19.097 0.013 0.006 0.017
1896 21.739354 -73.267874 -0.105 19.675 19.78 0.025 0.074 0.035
1900 22.049234 -73.268948 -0.484 19.501 19.985 0.061 0.037 0.103
1901 21.618786 -73.266172 -0.448 19.698 20.146 0.032 -0.063 0.043
1902 22.345254 -73.269031 -0.773 18.126 18.899 0.022 -0.06 0.034
1904 21.383804 -73.263784 -0.964 16.555 17.519 0.011 -0.096 0.016
1905 22.006961 -73.267514 -0.955 17.138 18.093 0.054 -0.072 0.086
1906 21.729073 -73.266199 -0.392 19.76 20.152 0.031 0.036 0.043
1908 21.689612 -73.265322 -0.67 15.731 16.401 0.002 -0.015 0.003
1916 21.244821 -73.260542 -0.529 18.206 18.735 0.015 -0.055 0.021
1922 22.343503 -73.26571 -0.701 13.95 14.651 0.015 0.042 0.031
1923 21.96653 -73.264173 -1.066 17.247 18.313 0.055 -0.009 0.091
1925 21.42385 -73.260433 -0.372 16.324 16.696 0.006 0.007 0.009
1930 21.515735 -73.260737 -0.564 18.39 18.954 0.013 0.022 0.017
1931 21.356898 -73.258892 4.11 19.963 15.853 0.008 0.64 0.012
1933 22.299251 -73.264202 -0.597 17.819 18.416 0.021 -0.068 0.032
1934 22.217514 -73.264276 -0.378 18.31 18.688 0.028 -0.036 0.048
1935 21.303475 -73.2587 -0.54 16.241 16.781 0.012 -0.133 0.017
1939 22.210452 -73.263632 -0.668 17.935 18.603 0.026 -0.083 0.046
1940 21.730962 -73.261315 -0.47 19.416 19.886 0.025 0.035 0.035
1941 21.333406 -73.258626 -0.868 16.704 17.572 0.01 -0.123 0.014
1943 22.096684 -73.262898 -0.543 18.143 18.686 0.047 -0.016 0.077
1947 21.782024 -73.261019 -0.178 19.845 20.023 0.029 0.166 0.043
1951 21.851793 -73.260757 -1.156 16.924 18.08 0.005 -0.03 0.008
1952 22.529055 -73.263072 -0.772 17.85 18.622 0.019 -0.062 0.027
1954 21.319876 -73.256925 -0.9 16.09 16.99 0.02 -0.028 0.03
1955 21.203694 -73.255716 0.244 16.689 16.445 0.014 0.043 0.02
1956 22.29135 -73.2618 -0.091 19.609 19.7 0.032 0.051 0.066
1957 22.210518 -73.261781 -0.532 18.555 19.087 0.038 -0.055 0.059
1958 21.595844 -73.258647 -0.164 19.661 19.825 0.021 0.052 0.031
1959 21.442348 -73.257477 -0.677 18.074 18.751 0.057 -0.11 0.064
1961 21.776042 -73.258915 -0.714 18.765 19.479 0.017 -0.013 0.024
1963 21.369586 -73.255844 0.333 18.523 18.19 0.015 0.157 0.022
1964 21.275538 -73.254983 -0.231 17.782 18.013 0.013 -0.068 0.019
1969 21.351098 -73.25493 -0.807 15.628 16.435 0.01 -0.132 0.014
1971 22.25608 -73.259674 -0.715 17.852 18.567 0.027 -0.044 0.045
1972 21.996273 -73.258702 -0.742 18.097 18.839 0.048 0.025 0.086
1973 21.41739 -73.255041 -0.787 16.411 17.198 0.007 0.047 0.01
1976 21.378262 -73.254333 -0.949 19.892 20.841 0.066 0.057 0.087
1977 21.332328 -73.254047 -0.608 17.583 18.191 0.012 -0.1 0.017
1980 21.275413 -73.253053 0.477 18.585 18.108 0.02 0.15 0.029
1981 22.427644 -73.258707 -0.174 18.738 18.912 0.048 -0.034 0.074
1982 21.646846 -73.254639 -0.03 14.593 14.623 0.002 -0.123 0.003
1986 22.147794 -73.257032 1.894 18.962 17.068 0.041 0.207 0.069
1987 21.289041 -73.251851 -0.224 19.306 19.53 0.028 -0.003 0.037
1990 22.455444 -73.257816 -0.368 18.102 18.47 0.015 -0.094 0.029
1991 22.005131 -73.256027 -0.574 18.924 19.498 0.056 0.243 0.079
1992 21.633078 -73.253855 -1.086 17.438 18.524 0.009 -0.054 0.012
1994 21.581931 -73.253211 -0.395 19.294 19.689 0.022 0.093 0.03
1995 22.274611 -73.256496 -1.265 15.843 17.108 0.027 -0.148 0.044
1996 21.556055 -73.252572 -0.452 17.674 18.126 0.008 -0.014 0.013
1997 21.412041 -73.25129 0.035 17.719 17.684 0.009 0.07 0.013
1998 22.053684 -73.254721 -0.681 19.188 19.869 0.069 0.257 0.103
1999 22.008536 -73.25487 -0.256 19.714 19.97 0.049 -0.04 0.09
2000 21.772051 -73.252863 -0.454 18.911 19.365 0.017 0.014 0.024
2005 21.766158 -73.251886 -0.585 18.039 18.624 0.009 0.0 0.013
2006 21.554124 -73.250543 -0.188 17.741 17.929 0.007 -0.009 0.01
2007 21.192842 -73.247945 -0.898 16.959 17.857 0.041 -0.176 0.049
2010 22.316319 -73.254088 -0.311 19.845 20.156 0.062 -0.101 0.089
2011 21.780119 -73.251683 -0.972 17.858 18.83 0.011 -0.013 0.015
2012 21.736879 -73.251378 -0.933 18.061 18.994 0.012 0.012 0.017
2019 21.415462 -73.248841 0.048 18.824 18.776 0.011 0.005 0.016
2020 21.231205 -73.24735 -0.187 18.175 18.362 0.016 -0.029 0.024
2023 21.305393 -73.247363 -0.513 18.405 18.918 0.014 -0.023 0.021
2024 22.295636 -73.252613 -0.496 18.904 19.4 0.03 -0.096 0.052
2025 22.12101 -73.252266 -1.102 17.214 18.316 0.05 -0.094 0.082
2029 22.668909 -73.253385 -0.171 17.607 17.778 0.014 -0.109 0.021
2030 21.489379 -73.248142 -0.157 19.002 19.159 0.017 0.007 0.023
2031 21.360468 -73.247396 0.371 17.923 17.552 0.019 0.019 0.031
2032 21.339876 -73.246819 -0.659 18.323 18.982 0.072 -0.217 0.081
2033 21.299417 -73.246225 1.046 19.02 17.974 0.021 0.23 0.03
2034 21.29299 -73.246067 0.354 19.703 19.349 0.022 0.051 0.031
2035 21.664217 -73.248375 -1.303 16.15 17.453 0.005 -0.088 0.007
2038 22.382575 -73.251319 -0.599 18.483 19.082 0.029 -0.073 0.045
2039 21.447916 -73.246192 -1.141 18.838 19.979 0.032 -0.017 0.042
2040 21.230068 -73.244539 -0.534 19.254 19.788 0.103 -0.365 0.116
2042 22.532573 -73.25142 -0.741 14.805 15.546 0.022 -0.064 0.035
2043 21.63978 -73.247321 -0.785 17.799 18.584 0.01 -0.03 0.013
2044 21.37485 -73.245762 0.014 18.846 18.832 0.013 0.051 0.02
2045 21.275408 -73.244326 -0.444 19.125 19.569 0.023 0.003 0.032
2046 21.210298 -73.244248 -0.381 15.487 15.868 0.014 -0.159 0.02
2047 22.462788 -73.250617 -0.518 18.906 19.424 0.062 -0.07 0.087
2048 22.290229 -73.250387 -1.538 16.187 17.725 0.063 -0.455 0.09
2050 21.770898 -73.247408 -1.008 17.541 18.549 0.009 -0.037 0.013
2052 21.717971 -73.246847 0.042 19.344 19.302 0.019 0.182 0.026
2054 22.231857 -73.24853 -1.143 15.034 16.177 0.043 -0.093 0.072
2055 21.233042 -73.242789 -0.818 18.42 19.238 0.028 0.161 0.041
2058 21.194194 -73.24137 -0.415 17.805 18.22 0.02 -0.083 0.028
2059 22.152962 -73.247171 3.11 16.072 12.962 0.053 0.6 0.089
2060 21.810579 -73.245757 -1.506 15.959 17.465 0.005 -0.094 0.007
2061 21.710642 -73.244486 -0.024 19.73 19.754 0.022 0.078 0.03
2062 21.361156 -73.242621 -0.183 18.314 18.497 0.012 -0.054 0.017
2065 22.395616 -73.247606 -0.753 18.658 19.411 0.035 -0.134 0.049
2066 21.837694 -73.245487 4.439 17.444 13.005 0.003 0.747 0.006
2067 21.749472 -73.244624 -1.272 15.032 16.304 0.003 -0.085 0.005
2068 21.433967 -73.242612 -0.735 15.895 16.63 0.008 -0.087 0.012
2071 21.697242 -73.243942 -1.141 18.624 19.765 0.023 0.017 0.032
2072 21.551145 -73.242964 -0.067 19.569 19.636 0.02 0.086 0.03
2073 21.462519 -73.242586 -0.031 19.285 19.316 0.017 0.05 0.024
2076 21.85869 -73.244509 -0.654 18.577 19.231 0.016 0.076 0.021
2078 22.06405 -73.24543 0.724 16.675 15.951 0.062 0.052 0.102
2082 21.656836 -73.242757 -1.27 16.452 17.722 0.006 -0.092 0.009
2083 21.485427 -73.241348 -0.21 18.436 18.646 0.011 0.028 0.015
2088 22.406423 -73.244852 -0.328 19.823 20.151 0.127 -0.187 0.15
2089 21.577922 -73.240732 -0.666 16.666 17.332 0.005 -0.012 0.008
2090 21.512929 -73.240391 -0.879 18.59 19.469 0.024 0.02 0.032
2091 21.380024 -73.239343 -0.698 18.879 19.577 0.023 -0.073 0.032
2092 21.195069 -73.237458 -0.629 16.673 17.302 0.014 -0.1 0.02
2095 21.216746 -73.23672 0.013 18.777 18.764 0.02 -0.003 0.028
2096 22.186931 -73.242727 -0.973 17.053 18.026 0.042 -0.085 0.07
2097 21.236699 -73.236747 -0.596 16.1 16.696 0.015 -0.096 0.022
2098 22.00809 -73.241168 -0.876 19.146 20.022 0.09 -0.336 0.125
2099 21.462356 -73.238387 -0.54 16.516 17.056 0.008 -0.027 0.011
2100 21.397484 -73.237927 -0.219 17.191 17.41 0.01 0.026 0.015
2102 21.859848 -73.24069 -0.61 19.504 20.114 0.03 0.001 0.043
2103 21.368563 -73.237131 4.095 17.985 13.89 0.008 0.673 0.014
2105 22.471464 -73.242554 0.131 19.546 19.415 0.045 -0.014 0.066
2106 21.689107 -73.23899 -1.094 18.606 19.7 0.025 -0.025 0.036
2107 21.532714 -73.238132 -0.466 17.841 18.307 0.01 0.0 0.013
2109 21.948833 -73.240394 -0.711 18.164 18.875 0.06 0.284 0.075
2110 21.72129 -73.238791 -1.279 17.091 18.37 0.008 -0.028 0.01
2115 21.933366 -73.23936 -0.806 17.883 18.689 0.053 0.136 0.085
2116 21.92172 -73.239557 -0.245 18.985 19.23 0.049 0.145 0.057
2117 21.546619 -73.237154 -0.945 17.684 18.629 0.009 -0.03 0.013
2118 22.242736 -73.240474 -0.451 19.132 19.583 0.052 0.336 0.089
2119 21.589682 -73.237191 0.06 19.75 19.69 0.023 0.082 0.031
2120 21.38731 -73.234824 -0.671 17.917 18.588 0.012 -0.081 0.017
2126 22.521254 -73.240426 0.114 19.266 19.152 0.031 -0.005 0.051
2127 21.575226 -73.236203 -0.5 18.344 18.844 0.013 -0.097 0.025
2130 22.127023 -73.238778 -0.22 17.915 18.135 0.049 0.011 0.082
2131 21.662006 -73.236075 -0.222 19.498 19.72 0.024 0.06 0.032
2132 21.246439 -73.233742 0.229 19.992 19.763 0.026 0.046 0.038
2135 21.798458 -73.236789 -0.512 19.256 19.768 0.022 0.021 0.029
2136 21.391804 -73.233606 -0.398 17.55 17.948 0.017 -0.055 0.024
2137 21.313243 -73.233165 -0.345 19.445 19.79 0.028 0.02 0.037
2139 22.081171 -73.237532 -0.791 18.795 19.586 0.058 0.311 0.085
2140 21.411584 -73.23297 -0.388 17.987 18.375 0.013 0.016 0.019
2141 21.401351 -73.233129 -0.395 16.831 17.226 0.01 0.066 0.015
2144 21.824335 -73.235595 -0.625 18.705 19.33 0.015 0.03 0.022
2146 21.76538 -73.234689 -1.018 17.561 18.579 0.01 -0.007 0.013
2148 21.385564 -73.231703 -0.782 14.992 15.774 0.016 -0.123 0.023
2151 21.548613 -73.232646 -1.109 16.586 17.695 0.008 -0.041 0.011
2153 21.838523 -73.234067 -0.311 19.314 19.625 0.02 -0.002 0.027
2156 21.790279 -73.232781 -0.75 18.615 19.365 0.016 -0.032 0.022
2158 21.48195 -73.230405 -0.777 15.613 16.39 0.008 -0.001 0.012
2160 22.022183 -73.233446 -0.503 18.751 19.254 0.051 0.162 0.07
2161 21.811637 -73.232316 -0.326 18.868 19.194 0.016 -0.023 0.021
2162 21.723826 -73.231785 -0.658 16.758 17.416 0.005 -0.021 0.008
2163 21.688153 -73.230956 -0.571 18.842 19.413 0.018 0.027 0.025
2165 21.314017 -73.228087 -0.138 19.565 19.703 0.025 0.102 0.036
2166 22.313064 -73.233899 -0.959 15.762 16.721 0.041 -0.03 0.066
2167 21.747649 -73.231306 -0.671 18.368 19.039 0.012 0.044 0.018
2168 21.423963 -73.229213 -0.561 16.486 17.047 0.011 -0.066 0.016
2169 21.325381 -73.228555 -0.265 16.713 16.978 0.013 -0.005 0.019
2171 22.465142 -73.234185 -0.468 19.305 19.773 0.037 -0.027 0.061
2172 21.678348 -73.230381 -1.294 15.094 16.388 0.005 -0.103 0.008
2173 21.210896 -73.227343 0.036 18.296 18.26 0.014 0.003 0.02
2174 21.696274 -73.230317 -0.224 19.822 20.046 0.028 0.121 0.039
2175 22.282208 -73.232537 -0.752 16.172 16.924 0.042 -0.085 0.07
2176 21.234969 -73.226387 -0.029 18.558 18.587 0.019 -0.001 0.026
2180 21.354974 -73.227306 -0.576 18.855 19.431 0.022 -0.02 0.029
2186 21.300156 -73.226292 -0.864 16.575 17.439 0.013 -0.116 0.02
2187 21.962921 -73.230126 -0.022 19.81 19.832 0.041 0.163 0.068
2188 22.416522 -73.231507 -0.362 19.486 19.848 0.051 0.014 0.085
2189 22.393849 -73.231341 -0.495 18.55 19.045 0.044 -0.029 0.067
2191 21.386872 -73.225584 -0.292 18.426 18.718 0.021 0.006 0.03
2196 21.701027 -73.226698 -0.254 19.014 19.268 0.023 0.088 0.032
2197 21.36575 -73.224272 -0.074 19.047 19.121 0.017 -0.005 0.025
2199 21.565458 -73.225011 -0.63 18.31 18.94 0.013 -0.006 0.018
2203 21.327148 -73.223204 -0.805 17.7 18.505 0.016 0.404 0.066
2205 22.185889 -73.227751 -0.89 17.706 18.596 0.052 0.3 0.066
2206 21.898334 -73.226172 -0.127 19.262 19.389 0.017 0.15 0.024
2207 21.77701 -73.225725 -0.967 18.438 19.405 0.018 -0.032 0.024
2208 21.302389 -73.222504 -0.214 17.23 17.444 0.031 0.046 0.045
2210 22.405417 -73.228108 -1.17 15.975 17.145 0.004 -0.112 0.006
2211 21.615167 -73.224569 -0.16 19.72 19.88 0.024 0.068 0.036
2213 21.768646 -73.224994 -0.609 18.147 18.756 0.01 -0.008 0.016
2214 21.63294 -73.223992 -0.878 16.45 17.328 0.007 -0.03 0.01
2217 22.398623 -73.22737 -0.558 16.995 17.553 0.041 -0.011 0.064
2218 21.32209 -73.221892 -0.102 19.085 19.187 0.017 -0.012 0.025
2219 22.285041 -73.226289 -0.365 18.757 19.122 0.03 -0.004 0.051
2222 21.351721 -73.220278 -0.444 18.108 18.552 0.016 -0.023 0.023
2223 22.221196 -73.225255 -0.541 19.662 20.203 0.028 0.102 0.04
2224 21.68292 -73.222599 -0.408 19.856 20.264 0.038 0.018 0.055
2225 21.530626 -73.221756 -0.955 17.608 18.563 0.01 -0.047 0.015
2229 22.494989 -73.225712 -0.16 19.441 19.601 0.02 0.076 0.026
2230 22.398745 -73.225811 -0.596 17.557 18.153 0.008 -0.051 0.011
2231 22.29926 -73.224999 -0.149 19.517 19.666 0.027 0.742 0.042
2232 22.170747 -73.224864 -0.678 18.689 19.367 0.016 -0.058 0.021
2233 21.983527 -73.22403 -0.557 18.163 18.72 0.012 0.097 0.017
2234 21.723393 -73.222548 -0.412 18.717 19.129 0.015 0.052 0.021
2236 21.237294 -73.218776 -0.334 18.704 19.038 0.023 0.019 0.04
2237 21.488664 -73.220702 -1.042 17.028 18.07 0.011 -0.067 0.015
2238 21.248985 -73.218718 0.019 19.006 18.987 0.025 0.026 0.039
2241 22.425581 -73.224789 -0.756 18.667 19.423 0.016 -0.098 0.021
2242 21.510479 -73.220231 0.164 19.428 19.264 0.026 0.109 0.035
2245 21.390702 -73.218955 -0.919 17.853 18.772 0.014 -0.07 0.02
2249 22.443415 -73.223714 -0.564 18.232 18.796 0.01 -0.081 0.013
2250 22.391933 -73.223411 -0.654 16.004 16.658 0.003 0.032 0.004
2251 21.969843 -73.221917 -0.612 17.535 18.147 0.006 -0.001 0.01
2253 22.051662 -73.221786 -0.602 18.192 18.794 0.011 0.012 0.015
2255 22.197593 -73.222173 -0.54 19.456 19.996 0.028 -0.099 0.036
2256 21.693937 -73.219501 -0.871 17.379 18.25 0.009 0.002 0.013
2257 21.406625 -73.217951 0.168 19.185 19.017 0.019 0.058 0.026
2259 21.818195 -73.21981 -0.775 19.027 19.802 0.024 0.03 0.032
2263 22.321174 -73.221515 -0.826 19.334 20.16 0.031 -0.094 0.04
2264 22.257563 -73.220904 -0.801 17.537 18.338 0.007 -0.055 0.01
2265 21.595997 -73.217591 -0.485 19.158 19.643 0.024 0.004 0.034
2266 22.305554 -73.220697 -1.281 14.452 15.733 0.002 0.011 0.003
2267 21.642084 -73.21731 -0.563 19.973 20.536 0.046 0.03 0.063
2268 21.605351 -73.21722 4.175 18.599 14.424 0.008 0.711 0.011
2273 21.575559 -73.215761 -0.408 19.315 19.723 0.025 0.034 0.035
2277 22.517202 -73.219545 -0.248 19.916 20.164 0.032 -0.005 0.046
2278 22.445722 -73.219328 -0.789 17.71 18.499 0.008 -0.071 0.011
2282 21.707125 -73.215342 -1.072 15.905 16.977 0.007 0.01 0.01
2288 22.061038 -73.216985 -0.392 19.826 20.218 0.034 0.02 0.045
2296 21.806977 -73.214323 -0.113 19.633 19.746 0.024 0.139 0.034
2299 22.287398 -73.216157 -0.754 16.201 16.955 0.007 -0.008 0.009
2304 22.213469 -73.215042 0.471 19.855 19.384 0.016 0.076 0.023
2309 22.645563 -73.215071 -0.348 19.63 19.978 0.028 -0.053 0.038
2310 21.926437 -73.212687 -1.199 17.162 18.361 0.008 -0.066 0.013
2314 22.30623 -73.213566 -0.916 16.976 17.892 0.006 -0.051 0.008
2316 22.25853 -73.21313 -0.686 17.876 18.562 0.009 -0.008 0.012
2320 22.342072 -73.212798 -1.187 15.887 17.074 0.003 0.043 0.005
2322 22.054205 -73.211203 -0.705 18.536 19.241 0.015 -0.046 0.021
2328 22.428138 -73.211611 -0.314 19.362 19.676 0.024 0.108 0.035
2329 22.296006 -73.211188 -0.664 19.545 20.209 0.035 -0.052 0.048
2335 22.471845 -73.211071 -0.709 18.268 18.977 0.011 -0.045 0.016
2338 22.527614 -73.209911 -0.552 17.148 17.7 0.005 -0.031 0.007
2339 22.262545 -73.209024 -1.372 16.909 18.281 0.007 -0.101 0.01
2345 22.039006 -73.2077 -0.483 19.132 19.615 0.032 0.159 0.044
2350 22.120615 -73.207797 -0.526 19.397 19.923 0.024 -0.004 0.032
2361 22.256691 -73.206152 -0.953 17.55 18.503 0.008 -0.068 0.011
2371 21.928881 -73.203111 -0.35 19.716 20.066 0.028 0.07 0.04
2373 22.468605 -73.203989 -0.74 18.494 19.234 0.015 -0.029 0.02
2380 21.933585 -73.20165 -0.495 19.397 19.892 0.024 0.036 0.032
2381 22.167294 -73.202296 4.877 19.435 14.558 0.006 0.788 0.01
2387 22.250483 -73.201641 4.335 19.576 15.241 0.002 0.768 0.003
2388 22.013161 -73.200483 -0.841 18.134 18.975 0.012 -0.052 0.017
2400 21.985475 -73.199192 -1.626 15.203 16.829 0.004 -0.141 0.008
2410 22.083067 -73.197983 -0.931 16.527 17.458 0.005 -0.07 0.007
2414 21.955844 -73.197251 -0.558 18.782 19.34 0.018 -0.042 0.024
2420 22.462905 -73.197834 -0.531 19.462 19.993 0.027 -0.101 0.036
2421 22.39704 -73.197624 -0.743 18.109 18.852 0.012 0.011 0.017
2426 22.275287 -73.196926 -0.551 19.799 20.35 0.041 -0.003 0.052
2449 21.971731 -73.192792 -0.96 16.812 17.772 0.007 -0.041 0.012
2459 22.461299 -73.193137 -1.26 15.384 16.644 0.002 -0.102 0.004
2461 22.210271 -73.19236 -0.372 18.95 19.322 0.017 -0.036 0.021
2466 22.028645 -73.189843 -0.535 18.947 19.482 0.015 0.005 0.023
2475 22.155192 -73.189481 -0.206 19.922 20.128 0.03 0.06 0.041
2483 22.323405 -73.188434 -1.173 15.848 17.021 0.003 -0.004 0.004
2484 22.301217 -73.188322 -0.655 17.119 17.774 0.005 -0.043 0.007
2493 22.432181 -73.186827 -0.164 19.05 19.214 0.014 0.01 0.019
2517 22.021654 -73.181106 -0.308 19.503 19.811 0.021 -0.021 0.03
2521 22.065785 -73.180531 -1.339 16.812 18.151 0.007 -0.121 0.01
2523 21.914758 -73.17948 -1.085 17.051 18.136 0.012 -0.087 0.015
2526 21.932058 -73.179188 -1.34 16.168 17.508 0.007 -0.059 0.012
2539 22.255442 -73.179027 -0.421 18.495 18.916 0.011 -0.008 0.016
2556 22.059957 -73.176242 -1.277 16.663 17.94 0.007 -0.109 0.01
2557 22.343631 -73.177114 -0.552 18.478 19.03 0.012 -0.025 0.016
2566 22.529067 -73.176269 -0.718 18.82 19.538 0.02 -0.214 0.028
2568 22.471027 -73.175683 -0.585 19.25 19.835 0.023 0.025 0.032
2569 22.25099 -73.174935 -0.975 17.675 18.65 0.009 -0.073 0.013
2572 22.309432 -73.175302 0.037 19.68 19.643 0.021 0.031 0.029
2573 22.165649 -73.174383 -0.632 17.175 17.807 0.008 -0.051 0.01
2577 22.058685 -73.173544 -1.127 17.881 19.008 0.012 -0.063 0.017
2581 22.337806 -73.174131 -0.665 19.545 20.21 0.031 -0.028 0.042
2596 22.131033 -73.171428 -1.367 17.501 18.868 0.01 -0.065 0.013
2597 21.988767 -73.170745 -1.451 13.905 15.356 0.004 -0.163 0.008
2601 22.069132 -73.170579 -0.431 18.469 18.9 0.011 -0.053 0.016
2602 21.935486 -73.170148 -0.99 18.188 19.178 0.015 -0.055 0.022
2615 22.156837 -73.169473 -0.49 19.477 19.967 0.026 0.013 0.036
2617 22.057449 -73.16891 -1.187 17.346 18.533 0.01 -0.069 0.016
2618 22.050438 -73.168801 -1.25 16.8 18.05 0.007 -0.084 0.01
2629 22.231296 -73.168049 -0.497 19.623 20.12 0.028 0.03 0.039
2635 22.068701 -73.167075 -0.697 17.862 18.559 0.008 -0.032 0.012
2643 22.491325 -73.167178 1.296 19.463 18.167 0.006 0.469 0.01
2644 22.086873 -73.165347 -0.764 18.898 19.662 0.018 -0.054 0.025
2648 22.050327 -73.165195 -0.612 19.064 19.676 0.021 -0.059 0.028
2649 21.963966 -73.164696 -1.7 15.822 17.522 0.005 -0.135 0.01
2660 22.327377 -73.164971 -0.952 16.144 17.096 0.003 -0.076 0.005
2661 22.219187 -73.164183 -0.585 19.871 20.456 0.041 -0.083 0.054
2662 21.954001 -73.163616 3.267 19.752 16.485 0.005 0.63 0.01
2668 22.425657 -73.164374 -0.594 18.683 19.277 0.015 -0.108 0.021
2670 22.389811 -73.16321 -0.696 19.002 19.698 0.019 -0.068 0.027
2676 22.531348 -73.162793 -0.007 19.721 19.728 0.026 0.101 0.036
2677 22.09475 -73.161615 -0.423 18.731 19.154 0.014 -0.011 0.019
2678 22.002608 -73.161709 0.468 19.51 19.042 0.024 0.405 0.038
2697 21.941796 -73.158183 -0.693 18.515 19.208 0.016 0.014 0.023
2719 22.508774 -73.157457 -0.56 17.091 17.651 0.004 -0.053 0.006
2737 21.95872 -73.151642 -0.937 17.084 18.021 0.007 -0.08 0.012
2747 22.450382 -73.151815 -0.048 18.337 18.385 0.008 -0.029 0.011
2751 22.064628 -73.150337 3.537 19.427 15.89 0.011 0.704 0.016
2755 22.131283 -73.149214 -1.482 15.288 16.77 0.004 -0.116 0.006
2757 22.256069 -73.149174 -0.311 19.303 19.614 0.017 0.014 0.025
2762 21.99884 -73.147471 3.914 19.675 15.761 0.004 0.679 0.007
2779 22.307526 -73.145153 -0.733 18.855 19.588 0.017 -0.018 0.024
2782 22.27427 -73.144829 -0.591 19.551 20.142 0.029 -0.104 0.038
2783 22.224862 -73.144541 -0.172 19.318 19.49 0.022 -0.201 0.034
2786 22.291686 -73.144168 -1.577 15.392 16.969 0.003 -0.153 0.004
2794 22.574359 -73.14375 -0.501 17.243 17.744 0.006 -0.024 0.008
2800 22.38307 -73.141731 -0.5 19.159 19.659 0.02 -0.017 0.028
2801 21.995092 -73.140403 -0.689 18.203 18.892 0.011 0.016 0.016
2802 21.944955 -73.140152 -0.454 19.939 20.393 0.034 -0.033 0.049
2803 22.411843 -73.140891 -0.426 19.182 19.608 0.017 -0.018 0.025
2806 22.355143 -73.140126 -0.332 19.054 19.386 0.015 0.006 0.022
2817 21.968707 -73.136429 -1.498 15.651 17.149 0.005 -0.12 0.01
2819 22.173908 -73.137062 -0.661 18.845 19.506 0.021 -0.019 0.028
2829 22.101621 -73.134421 -0.435 19.142 19.577 0.019 -0.073 0.026
2830 22.601928 -73.135363 -1.103 17.407 18.51 0.009 -0.236 0.018
2831 22.042874 -73.133963 -0.796 18.06 18.856 0.011 -0.046 0.016
2838 22.495315 -73.134292 -0.13 19.711 19.841 0.026 0.073 0.035
2841 22.00595 -73.132231 -0.334 19.969 20.303 0.039 -0.028 0.053
2846 22.338714 -73.132277 2.576 19.798 17.222 0.003 0.689 0.006
2847 22.306276 -73.131397 -1.09 17.565 18.655 0.01 -0.087 0.013
2855 22.284077 -73.128731 -1.36 16.588 17.948 0.005 -0.121 0.007
2867 22.379391 -73.125985 -0.455 19.288 19.743 0.02 -0.07 0.028
2868 22.115645 -73.124666 -0.657 18.857 19.514 0.019 -0.084 0.024
2876 22.393602 -73.123013 4.152 19.695 15.543 0.002 0.708 0.004
2877 22.121832 -73.122021 -0.488 19.417 19.905 0.027 0.014 0.036
2883 22.320442 -73.121902 -0.295 19.392 19.687 0.02 -0.017 0.027
2889 22.109446 -73.120399 -0.56 19.629 20.189 0.034 -0.074 0.044
2900 22.150253 -73.11864 -0.643 18.976 19.619 0.023 0.01 0.032
2902 22.116851 -73.117854 -0.963 17.479 18.442 0.012 -0.055 0.015
2903 22.103912 -73.117866 -1.013 17.986 18.999 0.013 -0.087 0.017
2915 21.962445 -73.115086 -0.745 18.059 18.804 0.011 -0.059 0.017
2918 22.306846 -73.115951 -1.274 17.556 18.83 0.01 -0.109 0.013
2924 22.242398 -73.115234 -1.27 15.567 16.837 0.003 -0.094 0.004
2925 22.249478 -73.114697 -0.586 17.895 18.481 0.013 -0.018 0.017
2932 21.938692 -73.112337 -0.942 18.142 19.084 0.013 -0.021 0.022
2947 21.989508 -73.109959 -0.85 18.665 19.515 0.018 -0.033 0.026
2952 22.548091 -73.111324 -0.438 19.694 20.132 0.028 -0.025 0.039
2954 22.626227 -73.110942 -0.078 19.679 19.757 0.025 0.102 0.033
2958 22.615853 -73.109191 -0.212 19.599 19.811 0.022 -0.069 0.031
2959 22.481176 -73.108605 -1.136 15.285 16.421 0.002 0.01 0.003
2964 22.201106 -73.107115 -0.221 19.374 19.595 0.025 -0.002 0.035
2968 21.985629 -73.105112 -0.65 18.323 18.973 0.012 -0.016 0.02
2975 22.588225 -73.106525 -0.6 19.826 20.426 0.04 0.025 0.054
2976 22.30328 -73.105902 -0.914 16.497 17.411 0.004 -0.076 0.006
2977 22.005786 -73.104161 -0.611 18.568 19.179 0.017 -0.043 0.027
2980 22.331786 -73.103432 0.261 19.927 19.666 0.021 0.326 0.03
2984 22.019164 -73.102116 -0.951 18.506 19.457 0.018 -0.008 0.025
2989 22.32082 -73.102717 -0.48 18.968 19.448 0.018 -0.046 0.023
2990 22.050126 -73.101785 -1.462 14.25 15.712 0.005 -0.148 0.011
2991 21.974766 -73.101306 -0.82 18.166 18.986 0.011 -0.043 0.019
3003 22.123553 -73.098462 -0.63 16.602 17.232 0.004 -0.048 0.007
3009 22.515008 -73.098904 -0.675 18.964 19.639 0.018 -0.044 0.025
3010 22.06048 -73.096998 0.606 19.957 19.351 0.017 0.076 0.024
3015 22.009629 -73.094843 -0.971 18.789 19.76 0.025 0.301 0.159
3018 22.042411 -73.093994 -1.565 14.536 16.101 0.006 -0.15 0.011
3019 22.00005 -73.093473 -0.158 19.468 19.626 0.02 0.056 0.029
3022 22.141242 -73.093717 -0.564 19.742 20.306 0.035 0.039 0.052
3028 22.004672 -73.091888 -0.695 18.498 19.193 0.016 -0.022 0.024
3031 21.949827 -73.090783 -0.542 19.479 20.021 0.028 0.108 0.044
3034 22.061207 -73.090669 -1.132 16.546 17.678 0.007 -0.099 0.011
3044 22.182993 -73.090202 -0.696 16.783 17.479 0.004 -0.058 0.006
3045 22.313509 -73.09022 -0.437 18.045 18.482 0.009 -0.044 0.012
3046 21.967517 -73.088826 -0.935 18.818 19.753 0.02 -0.045 0.03
3050 22.556256 -73.089828 -1.256 18.351 19.607 0.02 0.033 0.028
3051 21.940537 -73.087681 -1.542 14.308 15.85 0.01 -0.169 0.019
3058 22.087481 -73.086455 2.895 18.764 15.869 0.004 0.593 0.008
3065 21.905942 -73.084279 -1.107 17.182 18.289 0.012 -0.073 0.021
3071 22.235408 -73.084582 -1.506 14.118 15.624 0.002 -0.164 0.003
3072 22.506258 -73.08504 3.999 17.953 13.954 0.001 0.631 0.002
3074 22.075706 -73.083006 -0.578 19.144 19.722 0.022 -0.059 0.03
3085 22.534904 -73.082499 4.166 18.913 14.747 0.001 0.712 0.002
3095 22.368225 -73.080158 -0.367 19.604 19.971 0.025 -0.014 0.034
3102 22.638663 -73.079188 -0.381 17.675 18.056 0.007 -0.044 0.009
3110 22.221589 -73.076801 -0.264 19.858 20.122 0.032 0.088 0.043
3115 22.099359 -73.075535 -1.548 15.969 17.517 0.005 -0.134 0.01
3123 22.077036 -73.073898 -0.75 18.46 19.21 0.015 -0.054 0.022
3124 22.058666 -73.073457 1.196 19.866 18.67 0.011 0.466 0.019
3130 22.191692 -73.073379 2.897 19.085 16.188 0.003 0.604 0.006
3137 22.350723 -73.072932 -0.425 19.178 19.603 0.021 -0.013 0.029
3140 22.306028 -73.07236 -0.464 18.137 18.601 0.009 -0.032 0.012
3147 21.989151 -73.069721 -0.625 19.382 20.007 0.029 0.008 0.04
3154 22.521628 -73.070469 -0.709 18.973 19.682 0.02 -0.06 0.027
3157 22.443799 -73.070223 -0.501 18.99 19.491 0.018 -0.06 0.025
3161 22.434825 -73.069083 2.585 19.683 17.098 0.004 0.603 0.006
3164 22.137869 -73.067057 -0.627 19.25 19.877 0.023 0.047 0.032
3168 22.560669 -73.067507 -0.755 17.178 17.933 0.006 -0.048 0.009
3172 22.50965 -73.066879 -0.05 19.844 19.894 0.039 0.26 0.051
3176 22.08416 -73.06483 -0.635 18.614 19.249 0.017 0.116 0.086
3184 22.54551 -73.065082 4.486 19.464 14.978 0.006 0.709 0.007
3185 22.370904 -73.063769 -0.778 16.98 17.758 0.005 -0.063 0.007
3192 22.186558 -73.06149 -0.748 17.938 18.686 0.009 -0.005 0.014
3197 21.927257 -73.06004 -0.977 15.474 16.451 0.011 -0.084 0.021
3205 22.496077 -73.058351 -0.676 18.454 19.13 0.011 0.026 0.018
3216 22.014137 -73.052224 -0.549 18.864 19.413 0.018 0.543 0.031
3218 22.416963 -73.05307 -0.991 18.097 19.088 0.013 -0.043 0.017
3219 21.980525 -73.051576 -0.893 18.236 19.129 0.014 -0.05 0.023
3221 22.529224 -73.052965 3.645 19.067 15.422 0.008 1.161 0.01
3222 22.428734 -73.052929 -0.599 19.303 19.902 0.024 -0.068 0.032
3223 22.046467 -73.051235 -0.678 17.808 18.486 0.011 -0.034 0.019
3230 22.04479 -73.049362 -0.723 18.634 19.357 0.017 -0.022 0.027
3234 22.302806 -73.049535 -0.876 18.015 18.891 0.013 -0.026 0.017
3235 22.254821 -73.049485 -0.771 17.665 18.436 0.01 0.107 0.015
3244 22.612957 -73.048654 -0.821 18.166 18.987 0.011 -0.069 0.016
3245 22.025052 -73.046379 -0.652 19.818 20.47 0.044 0.087 0.063
3246 21.897775 -73.045254 2.831 19.862 17.031 0.017 0.67 0.024
3249 22.503539 -73.047617 -0.354 18.59 18.944 0.011 0.013 0.016
3250 22.258894 -73.046267 -0.626 18.6 19.226 0.014 -0.021 0.019
3251 22.114964 -73.045494 -0.537 19.96 20.497 0.043 0.014 0.057
3255 22.221349 -73.045378 -0.897 16.399 17.296 0.007 -0.057 0.013
3261 22.381037 -73.044856 0.088 18.789 18.701 0.012 0.057 0.017
3274 22.113227 -73.038826 -1.022 17.922 18.944 0.013 -0.241 0.035
3275 22.160337 -73.038252 -1.125 17.532 18.657 0.012 -0.042 0.019
3277 22.521136 -73.038523 0.186 19.523 19.337 0.015 0.048 0.022
3278 22.105334 -73.037175 -0.06 18.854 18.914 0.015 0.006 0.022
3284 22.059285 -73.035407 1.792 19.695 17.903 0.011 0.557 0.021
3289 22.596353 -73.035161 -0.659 18.485 19.144 0.013 -0.085 0.018
3293 22.447119 -73.033761 -0.38 19.744 20.124 0.031 0.041 0.043
3298 22.576143 -73.03294 -0.888 17.082 17.97 0.005 -0.085 0.008
