749.0 22.57725 -73.429865 -0.196 -2.648 0.071 -2.452
750.0 22.554969 -73.429653 -0.328 -4.525 -0.061 -4.197
782.0 22.607856 -73.425825 -0.455 -3.288 -0.049 -2.833
816.0 22.654557 -73.421031 -0.41 -4.242 -0.078 -3.832
825.0 22.44222 -73.419751 -0.034 -2.22 0.045 -2.186
837.0 22.679166 -73.418176 -0.855 -4.478 -0.12 -3.623
848.0 22.462978 -73.416527 -0.895 -3.014 -0.028 -2.119
894.0 22.189663 -73.409849 -0.444 -2.462 0.049 -2.018
964.0 22.548141 -73.403294 -0.779 -4.166 -0.058 -3.387
968.0 22.503928 -73.402471 -0.488 -4.387 -0.024 -3.899
1031.0 22.458299 -73.393396 -0.103 -4.349 0.123 -4.246
1073.0 22.235063 -73.386808 -0.722 -4.254 -0.047 -3.532
1103.0 22.581426 -73.383949 -0.387 -2.901 0.016 -2.514
1114.0 22.207034 -73.382094 -0.684 -4.104 -0.026 -3.42
1147.0 22.267101 -73.377091 0.886 -3.143 0.505 -4.029
1193.0 22.640363 -73.372377 -0.538 -4.079 0.144 -3.541
1199.0 22.492051 -73.371442 -0.934 -3.269 -0.023 -2.335
1284.0 22.669666 -73.360121 -0.002 -2.954 0.058 -2.952
1303.0 22.56687 -73.357324 -0.721 -2.711 -0.01 -1.99
1369.0 22.568338 -73.347815 -1.005 -4.439 -0.076 -3.434
1473.0 22.348907 -73.32934 -1.072 -3.333 -0.037 -2.261
1494.0 22.620566 -73.327778 -0.756 -3.636 -0.02 -2.88
1511.0 22.666375 -73.32575 -0.765 -2.613 -0.03 -1.848
1518.0 22.488739 -73.324473 -0.748 -2.941 0.001 -2.193
1641.0 22.19763 -73.306519 -0.762 -4.581 -0.029 -3.819
1727.0 22.19194 -73.294928 -1.088 -3.003 -0.058 -1.915
1744.0 22.301322 -73.29101 -0.115 -4.636 0.093 -4.521
1773.0 22.278507 -73.287676 -0.93 -3.184 -0.003 -2.254
2042.0 22.532573 -73.25142 -0.401 -3.715 0.096 -3.314
2048.0 22.290229 -73.250387 -1.198 -2.333 -0.295 -1.135
41.0 22.05506 -73.608865 0.882 -1.564 0.079 -2.446
63.0 22.553714 -73.594858 0.982 -2.4 -0.031 -3.382
147.0 22.173419 -73.559897 -0.768 -1.503 1.026 -0.735
155.0 22.397843 -73.558189 0.21 -1.576 0.2 -1.786
161.0 22.375435 -73.557736 0.865 -1.51 -0.037 -2.375
163.0 22.060216 -73.554928 0.167 -1.919 0.01 -2.086
187.0 21.941908 -73.549008 1.293 -3.074 0.609 -4.367
202.0 22.142545 -73.546415 0.284 -2.754 0.073 -3.038
235.0 22.603233 -73.538794 -0.493 -3.121 -0.1 -2.628
246.0 22.305641 -73.534532 0.275 -2.054 0.052 -2.329
248.0 22.365272 -73.533725 -0.165 -3.135 -0.05 -2.97
329.0 22.032075 -73.51539 0.278 -2.601 0.001 -2.879
356.0 22.29638 -73.511343 -0.174 -3.273 0.061 -3.099
367.0 22.629027 -73.509439 0.088 -2.55 0.028 -2.638
372.0 22.049438 -73.506798 0.476 -2.602 0.005 -3.078
382.0 22.295002 -73.505106 -0.354 -3.14 -0.071 -2.786
442.0 22.350215 -73.495242 0.579 -3.965 -0.104 -4.544
477.0 22.461965 -73.48612 -0.49 -2.821 -0.05 -2.331
505.0 22.196623 -73.476066 -0.028 -2.182 0.071 -2.154
558.0 22.604679 -73.463906 -0.786 -3.633 -0.064 -2.847
665.0 21.988217 -73.441199 -0.509 -2.169 0.1 -1.66
682.0 22.515583 -73.440241 -0.773 -2.953 -0.03 -2.18
686.0 22.597199 -73.440359 -0.673 -2.614 -0.005 -1.941
690.0 22.624975 -73.439286 -0.749 -2.963 -0.036 -2.214
705.0 22.367861 -73.435102 -0.29 -3.101 0.005 -2.811
717.0 22.614047 -73.434126 -0.403 -4.213 -0.063 -3.81
735.0 22.439279 -73.431758 -0.554 -3.904 -0.029 -3.35
737.0 22.627061 -73.431504 -0.947 -3.827 -0.062 -2.88
739.0 21.349681 -73.425235 -0.40495 -2.91684 0.05 -2.51189
934.0 21.281753 -73.400654 -0.48995 -2.35184 0.003 -1.86189
957.0 21.311303 -73.397717 -0.47495 -2.98984 -0.012 -2.51489
1024.0 21.376675 -73.388679 0.21905 -3.31984 -0.022 -3.53889
1045.0 21.365995 -73.385474 -0.40895 -2.51284 0.016 -2.10389
1074.0 21.510684 -73.382787 -0.66095 -2.69084 0.013 -2.02989
1186.0 21.291448 -73.366804 0.06105 -2.42584 0.05 -2.48689
1224.0 21.341667 -73.361527 -0.42895 -2.45084 0.012 -2.02189
1311.0 21.318314 -73.349667 0.13605 -2.53284 0.087 -2.66889
1343.0 21.494138 -73.347289 -0.23895 -3.51684 0.007 -3.27789
1386.0 21.216885 -73.338385 0.07205 -2.90684 0.041 -2.97889
1439.0 21.402344 -73.330611 0.27405 -1.68384 0.096 -1.95789
1449.0 21.237558 -73.32797 -0.61895 -2.29384 -0.011 -1.67489
1451.0 21.517012 -73.32918 -0.03295 -2.06484 0.085 -2.03189
1479.0 21.219967 -73.322577 -0.46695 -3.21284 -0.04 -2.74589
1487.0 21.526067 -73.323925 -1.00995 -3.30284 -0.013 -2.29289
1492.0 21.308841 -73.321568 -0.22695 -2.16784 0.026 -1.94089
1514.0 21.211062 -73.318314 -0.33095 -3.36284 -0.053 -3.03189
1532.0 21.522374 -73.318438 -0.40995 -2.93784 0.053 -2.52789
1544.0 21.458423 -73.315413 -0.30695 -2.16684 0.053 -1.85989
1587.0 21.558866 -73.309806 -0.41195 -4.18084 -0.036 -3.76889
1627.0 21.795556 -73.306253 -1.04195 -3.86584 0.018 -2.82389
1668.0 21.775747 -73.301114 -0.92995 -3.67884 0.065 -2.74889
1702.0 21.57586 -73.295828 -0.40995 -4.19184 0.065 -3.78189
1708.0 21.480756 -73.293474 -0.97595 -2.64184 0.009 -1.66589
1717.0 21.600948 -73.293302 0.57705 -4.19384 -0.015 -4.77089
1722.0 21.609688 -73.292374 -0.70495 -3.64884 -0.024 -2.94389
1754.0 21.266096 -73.283615 0.04105 -3.38084 -0.042 -3.42189
1766.0 21.338141 -73.283193 -1.04995 -3.13784 -0.028 -2.08789
1783.0 21.259117 -73.280404 -0.08595 -3.36684 0.044 -3.28089
1845.0 21.396767 -73.271367 -0.83395 -3.39784 -0.011 -2.56389
1860.0 21.56829 -73.270974 -0.55895 -2.57384 0.067 -2.01489
1908.0 21.689612 -73.265322 -0.70595 -3.37884 0.072 -2.67289
1925.0 21.42385 -73.260433 -0.40795 -2.78584 0.094 -2.37789
1954.0 21.319876 -73.256925 -0.93595 -3.01984 0.059 -2.08389
1955.0 21.203694 -73.255716 0.20805 -2.42084 0.13 -2.62889
1969.0 21.351098 -73.25493 -0.84295 -3.48184 -0.045 -2.63889
1973.0 21.41739 -73.255041 -0.82295 -2.69884 0.134 -1.87589
1982.0 21.646846 -73.254639 -0.06595 -4.51684 -0.036 -4.45089
2031.0 21.360468 -73.247396 0.33505 -1.18684 0.106 -1.52189
2046.0 21.210298 -73.244248 -0.41695 -3.62284 -0.072 -3.20589
2067.0 21.749472 -73.244624 -1.30795 -4.07784 0.002 -2.76989
2068.0 21.433967 -73.242612 -0.77095 -3.21484 0.0 -2.44389
2097.0 21.236699 -73.236747 -0.63195 -3.00984 -0.009 -2.37789
2099.0 21.462356 -73.238387 -0.57595 -2.59384 0.06 -2.01789
2136.0 21.391804 -73.233606 -0.43395 -1.55984 0.032 -1.12589
2158.0 21.48195 -73.230405 -0.81295 -3.49684 0.086 -2.68389
2168.0 21.423963 -73.229213 -0.59695 -2.62384 0.021 -2.02689
2169.0 21.325381 -73.228555 -0.30095 -2.39684 0.082 -2.09589
2186.0 21.300156 -73.226292 -0.89995 -2.53484 -0.029 -1.63489
2214.0 21.63294 -73.223992 -0.91395 -2.65984 0.057 -1.74589
2282.0 21.707125 -73.215342 -1.10795 -3.20484 0.097 -2.09689
