2.226254499999999936e+01 -7.320902399999999943e+01 -1.315250000000000030e+00 -2.055400000000000116e+00
2.208306699999999978e+01 -7.319798299999999358e+01 -8.742499999999999716e-01 -2.437399999999999789e+00
2.197173099999999835e+01 -7.319279199999999719e+01 -9.032499999999999973e-01 -2.152400000000000091e+00
2.206578500000000176e+01 -7.318053100000000200e+01 -1.282249999999999890e+00 -2.152400000000000091e+00
2.193205800000000139e+01 -7.317918799999999635e+01 -1.283250000000000002e+00 -2.796400000000000219e+00
2.205995700000000070e+01 -7.317624200000000201e+01 -1.220250000000000057e+00 -2.301400000000000112e+00
2.205043799999999976e+01 -7.316880100000000198e+01 -1.193249999999999922e+00 -2.164400000000000102e+00
2.232737699999999847e+01 -7.316497099999999421e+01 -8.952499999999999902e-01 -2.820399999999999796e+00
2.228407699999999991e+01 -7.312873100000000193e+01 -1.303250000000000020e+00 -2.376399999999999846e+00
2.230328000000000088e+01 -7.310590200000000038e+01 -8.572499999999999565e-01 -2.467400000000000038e+00
2.212355300000000113e+01 -7.309846199999999783e+01 -5.732500000000000373e-01 -2.362400000000000055e+00
2.206120699999999957e+01 -7.309066900000000544e+01 -1.075250000000000039e+00 -2.418400000000000105e+00
2.218299299999999974e+01 -7.309020200000000500e+01 -6.392499999999999849e-01 -2.181400000000000006e+00
2.209935899999999975e+01 -7.307553500000000213e+01 -1.491249999999999964e+00 -2.995400000000000063e+00
2.222134900000000002e+01 -7.304537799999999947e+01 -8.402500000000000524e-01 -2.565399999999999903e+00
2.257724999999999937e+01 -7.342986500000000660e+01 -2.783999999999999808e-01 -2.777280000000000193e+00
2.244221999999999895e+01 -7.341975100000000509e+01 -1.164000000000000035e-01 -2.349279999999999813e+00
2.264242700000000141e+01 -7.341954900000000350e+01 -4.474000000000000199e-01 -2.035280000000000200e+00
2.238061499999999882e+01 -7.341832899999999995e+01 -3.463999999999999857e-01 -2.053279999999999994e+00
2.247341600000000028e+01 -7.341740900000000636e+01 -5.293999999999999817e-01 -2.929279999999999884e+00
2.222394900000000106e+01 -7.341074700000000064e+01 -4.823999999999999955e-01 -2.002279999999999838e+00
2.218966299999999947e+01 -7.340984899999999413e+01 -5.263999999999999790e-01 -2.591279999999999806e+00
2.241589700000000107e+01 -7.340964800000000423e+01 -7.823999999999999844e-01 -2.128280000000000172e+00
2.210884799999999828e+01 -7.340743000000000507e+01 -2.763999999999999790e-01 -2.066279999999999895e+00
2.243195400000000106e+01 -7.340088900000000649e+01 -7.703999999999999737e-01 -2.229280000000000150e+00
2.244004899999999836e+01 -7.340058799999999906e+01 -8.803999999999999604e-01 -2.241280000000000161e+00
2.214366300000000010e+01 -7.339751400000000103e+01 -5.123999999999999666e-01 -2.153280000000000083e+00
2.228022400000000047e+01 -7.338176099999999735e+01 -5.664000000000000146e-01 -2.406280000000000197e+00
2.215522599999999898e+01 -7.337234399999999823e+01 -1.155399999999999983e+00 -2.674279999999999990e+00
2.256687000000000154e+01 -7.335732400000000553e+01 -8.034000000000000030e-01 -2.840279999999999916e+00
2.264367700000000028e+01 -7.335417200000000548e+01 -9.073999999999999844e-01 -2.484280000000000044e+00
2.194156999999999869e+01 -7.334824299999999653e+01 -7.573999999999999622e-01 -2.291279999999999983e+00
2.254746300000000048e+01 -7.334350600000000497e+01 -8.234000000000000208e-01 -2.561280000000000001e+00
2.196525400000000161e+01 -7.334107899999999347e+01 -5.123999999999999666e-01 -2.035280000000000200e+00
2.217570299999999861e+01 -7.333466799999999353e+01 -6.603999999999999870e-01 -2.301280000000000214e+00
2.224860899999999830e+01 -7.333051100000000133e+01 -1.053399999999999892e+00 -2.612280000000000157e+00
2.266637499999999861e+01 -7.332574999999999932e+01 -8.474000000000000421e-01 -2.742280000000000051e+00
2.243778800000000118e+01 -7.332446299999999439e+01 -1.208399999999999919e+00 -2.977279999999999927e+00
2.225500900000000115e+01 -7.332267199999999718e+01 -1.029400000000000093e+00 -2.973279999999999923e+00
2.242615299999999934e+01 -7.331176999999999566e+01 -5.023999999999999577e-01 -2.365279999999999827e+00
2.240057200000000037e+01 -7.331191699999999400e+01 -6.303999999999999604e-01 -2.947280000000000122e+00
2.235279500000000041e+01 -7.330196499999999560e+01 -4.964000000000000079e-01 -2.098279999999999923e+00
2.194838599999999929e+01 -7.329869499999999505e+01 -5.504000000000000004e-01 -2.277280000000000193e+00
2.195047900000000141e+01 -7.329571699999999623e+01 -7.593999999999999639e-01 -2.303279999999999994e+00
2.223875699999999966e+01 -7.327798799999999346e+01 -7.663999999999999702e-01 -2.412279999999999980e+00
2.227461100000000016e+01 -7.325649599999999850e+01 -1.007400000000000073e+00 -2.806280000000000108e+00
2.229022900000000007e+01 -7.325038700000000347e+01 -1.280399999999999983e+00 -2.462279999999999802e+00
2.231306400000000068e+01 -7.323389899999999386e+01 -7.014000000000000234e-01 -2.887280000000000069e+00
2.228220800000000068e+01 -7.323253699999999355e+01 -4.944000000000000061e-01 -2.477279999999999927e+00
2.240541699999999992e+01 -7.322810800000000597e+01 -9.123999999999999888e-01 -2.674279999999999990e+00
2.239193300000000164e+01 -7.322341099999999869e+01 -3.963999999999999746e-01 -2.645280000000000076e+00
2.228739799999999960e+01 -7.321615699999999549e+01 -4.964000000000000079e-01 -2.448280000000000012e+00
2.255371399999999937e+01 -7.359485800000000211e+01 9.819999999999999840e-01 -2.399999999999999911e+00
2.214254499999999837e+01 -7.354641499999999610e+01 2.839999999999999747e-01 -2.754000000000000004e+00
2.263348200000000077e+01 -7.353817800000000204e+01 -4.699999999999999734e-01 -2.395000000000000018e+00
2.230564100000000138e+01 -7.353453199999999867e+01 2.750000000000000222e-01 -2.053999999999999826e+00
2.260589999999999833e+01 -7.353336199999999678e+01 -5.440000000000000391e-01 -2.266999999999999904e+00
2.203207499999999897e+01 -7.351538999999999646e+01 2.780000000000000249e-01 -2.600999999999999979e+00
2.247579999999999956e+01 -7.351463300000000345e+01 -2.039999999999999869e-01 -2.500000000000000000e+00
2.262902700000000067e+01 -7.350943900000000042e+01 8.799999999999999489e-02 -2.549999999999999822e+00
2.204943799999999854e+01 -7.350679800000000341e+01 4.759999999999999787e-01 -2.601999999999999869e+00
2.246196499999999929e+01 -7.348611999999999966e+01 -4.899999999999999911e-01 -2.821000000000000174e+00
2.219662299999999888e+01 -7.347606600000000299e+01 -2.800000000000000058e-02 -2.181999999999999940e+00
2.209276399999999896e+01 -7.347317200000000526e+01 -2.059999999999999887e-01 -2.117999999999999883e+00
2.267120299999999844e+01 -7.346208500000000186e+01 -4.030000000000000249e-01 -2.228000000000000203e+00
2.243278099999999853e+01 -7.345360399999999856e+01 -7.309999999999999831e-01 -2.573999999999999844e+00
2.253212100000000007e+01 -7.345215500000000475e+01 -7.750000000000000222e-01 -2.290000000000000036e+00
2.237582700000000102e+01 -7.345181200000000388e+01 -4.759999999999999787e-01 -2.271999999999999797e+00
2.253653299999999859e+01 -7.344783499999999776e+01 -4.030000000000000249e-01 -2.019000000000000128e+00
2.198821699999999879e+01 -7.344119899999999745e+01 -5.090000000000000080e-01 -2.169000000000000039e+00
2.251558299999999946e+01 -7.344024100000000033e+01 -7.730000000000000204e-01 -2.952999999999999847e+00
2.259719899999999981e+01 -7.344035900000000083e+01 -6.730000000000000426e-01 -2.613999999999999879e+00
2.262497499999999917e+01 -7.343928599999999562e+01 -7.489999999999999991e-01 -2.963000000000000078e+00
2.267174800000000090e+01 -7.343758699999999351e+01 -7.990000000000000435e-01 -2.540000000000000036e+00
2.132489599999999896e+01 -7.342493000000000336e+01 -1.033600000000000074e+00 -2.814319999999999933e+00
2.146108999999999867e+01 -7.341324899999999332e+01 -5.315999999999999615e-01 -2.904319999999999791e+00
2.161763799999999947e+01 -7.341193099999999561e+01 -7.396000000000000352e-01 -2.234319999999999862e+00
2.140922600000000031e+01 -7.341029799999999739e+01 -5.375999999999999668e-01 -2.286319999999999908e+00
2.137509899999999874e+01 -7.340756899999999519e+01 -2.016000000000000014e-01 -2.399319999999999897e+00
2.128175299999999837e+01 -7.340065400000000295e+01 -6.495999999999999552e-01 -2.602320000000000189e+00
2.146178700000000106e+01 -7.339865899999999499e+01 -5.555999999999999828e-01 -2.794319999999999915e+00
2.134827599999999848e+01 -7.339102099999999496e+01 -1.975999999999999979e-01 -2.598320000000000185e+00
2.146626799999999946e+01 -7.338686300000000529e+01 -6.615999999999999659e-01 -2.640320000000000000e+00
2.136599500000000162e+01 -7.338547400000000209e+01 -5.685999999999999943e-01 -2.763320000000000221e+00
2.151068400000000125e+01 -7.338278699999999333e+01 -8.205999999999999961e-01 -2.941320000000000157e+00
2.135508499999999898e+01 -7.338066000000000599e+01 -6.076000000000000290e-01 -2.194319999999999826e+00
2.129350300000000118e+01 -7.337744299999999953e+01 -5.846000000000000085e-01 -2.305320000000000036e+00
2.150320899999999824e+01 -7.337228000000000350e+01 -9.976000000000000423e-01 -2.316320000000000157e+00
2.129144799999999904e+01 -7.336680400000000191e+01 -9.859999999999999321e-02 -2.676320000000000032e+00
2.146420799999999929e+01 -7.336610199999999793e+01 -9.375999999999999890e-01 -2.019320000000000004e+00
2.162001300000000015e+01 -7.336604599999999721e+01 -1.032599999999999962e+00 -2.452319999999999833e+00
2.189811999999999870e+01 -7.336696200000000090e+01 -9.175999999999999712e-01 -2.058320000000000149e+00
2.134166700000000105e+01 -7.336152699999999527e+01 -5.886000000000000121e-01 -2.701319999999999943e+00
2.135634699999999953e+01 -7.336027900000000557e+01 -3.436000000000000165e-01 -2.067320000000000046e+00
2.174675600000000131e+01 -7.335535500000000297e+01 -8.646000000000000352e-01 -2.236320000000000086e+00
2.131831400000000087e+01 -7.334966699999999662e+01 -2.359999999999999945e-02 -2.783319999999999794e+00
2.171486200000000011e+01 -7.335028499999999951e+01 1.813399999999999901e+00 -2.643320000000000114e+00
2.175848799999999983e+01 -7.333752599999999688e+01 -1.206599999999999895e+00 -2.209319999999999951e+00
2.190255399999999852e+01 -7.333268300000000295e+01 -9.405999999999999917e-01 -2.129319999999999879e+00
2.123755799999999994e+01 -7.332796999999999343e+01 -7.785999999999999588e-01 -2.544319999999999915e+00
2.151701200000000114e+01 -7.332917999999999381e+01 -1.925999999999999934e-01 -2.315319999999999823e+00
2.130884100000000103e+01 -7.332156799999999919e+01 -3.865999999999999992e-01 -2.418320000000000025e+00
2.142392500000000055e+01 -7.332138799999999890e+01 -5.275999999999999579e-01 -2.083320000000000061e+00
2.170533000000000001e+01 -7.332246399999999653e+01 -1.002599999999999936e+00 -2.883319999999999883e+00
2.145842299999999980e+01 -7.331541300000000660e+01 -4.666000000000000147e-01 -2.417320000000000135e+00
2.165704900000000066e+01 -7.331490999999999758e+01 -9.896000000000000352e-01 -2.579320000000000057e+00
2.161468599999999896e+01 -7.330440900000000681e+01 -1.103599999999999914e+00 -2.994320000000000093e+00
2.159924200000000027e+01 -7.330373899999999310e+01 -9.596000000000000085e-01 -2.120319999999999983e+00
2.180020199999999875e+01 -7.330310900000000629e+01 -9.215999999999999748e-01 -2.015320000000000000e+00
2.148075599999999952e+01 -7.329347400000000334e+01 -1.135599999999999943e+00 -2.892319999999999780e+00
2.173268600000000106e+01 -7.329412399999999650e+01 -6.645999999999999686e-01 -2.381320000000000103e+00
2.155207100000000153e+01 -7.329222599999999943e+01 -7.935999999999999721e-01 -2.342319999999999958e+00
2.152689700000000173e+01 -7.329217099999999618e+01 -1.089599999999999902e+00 -2.294319999999999915e+00
2.154244500000000073e+01 -7.328570499999999299e+01 -9.946000000000000396e-01 -2.229319999999999968e+00
2.150072400000000172e+01 -7.328390400000000682e+01 -1.130600000000000049e+00 -2.232320000000000082e+00
2.171405400000000085e+01 -7.328459100000000603e+01 -1.147599999999999953e+00 -2.138320000000000221e+00
2.149226099999999917e+01 -7.328303599999999562e+01 -7.745999999999999552e-01 -2.029319999999999791e+00
2.189975099999999841e+01 -7.328285599999999533e+01 -5.145999999999999464e-01 -2.389320000000000110e+00
2.133308900000000108e+01 -7.327357200000000148e+01 -1.034599999999999964e+00 -2.291319999999999801e+00
2.130265400000000042e+01 -7.327102399999999705e+01 -4.965999999999999859e-01 -2.009320000000000217e+00
2.156829000000000107e+01 -7.327097399999999539e+01 -7.186000000000000165e-01 -2.824320000000000164e+00
2.138380400000000137e+01 -7.326378400000000113e+01 -1.159599999999999964e+00 -2.805320000000000036e+00
2.133340600000000009e+01 -7.325862600000000668e+01 -1.063600000000000101e+00 -2.656320000000000014e+00
2.185179300000000069e+01 -7.326075699999999813e+01 -1.351599999999999913e+00 -2.436319999999999819e+00
2.120369399999999871e+01 -7.325571600000000672e+01 4.839999999999999858e-02 -2.671320000000000139e+00
2.141739000000000104e+01 -7.325504100000000562e+01 -9.826000000000000290e-01 -2.949320000000000164e+00
2.119284199999999885e+01 -7.324794500000000141e+01 -1.093599999999999905e+00 -2.401320000000000121e+00
2.165683599999999842e+01 -7.324275699999999745e+01 -1.465600000000000014e+00 -2.908319999999999794e+00
2.157792200000000093e+01 -7.324073199999999417e+01 -8.616000000000000325e-01 -2.694319999999999826e+00
2.119506900000000016e+01 -7.323745800000000372e+01 -8.245999999999999996e-01 -2.687320000000000153e+00
2.146235599999999977e+01 -7.323838700000000301e+01 -7.356000000000000316e-01 -2.844320000000000181e+00
2.139748399999999862e+01 -7.323792699999999911e+01 -4.146000000000000241e-01 -2.169319999999999915e+00
2.172128999999999976e+01 -7.323879100000000619e+01 -1.474599999999999911e+00 -2.269320000000000004e+00
2.140135099999999824e+01 -7.323312900000000525e+01 -5.906000000000000139e-01 -2.529319999999999791e+00
2.154861299999999957e+01 -7.323264600000000257e+01 -1.304599999999999982e+00 -2.774319999999999897e+00
2.172382599999999897e+01 -7.323178500000000213e+01 -8.536000000000000254e-01 -2.602320000000000189e+00
2.142396300000000053e+01 -7.322921300000000144e+01 -7.566000000000000503e-01 -2.874319999999999986e+00
2.132538100000000014e+01 -7.322855500000000006e+01 -4.606000000000000094e-01 -2.647320000000000118e+00
2.130015600000000120e+01 -7.322629200000000083e+01 -1.059600000000000097e+00 -2.785320000000000018e+00
2.130238900000000157e+01 -7.322250400000000070e+01 -4.096000000000000196e-01 -2.130320000000000213e+00
2.163294000000000139e+01 -7.322399199999999553e+01 -1.073600000000000110e+00 -2.910320000000000018e+00
2.148866399999999999e+01 -7.322070200000000284e+01 -1.237600000000000033e+00 -2.332320000000000171e+00
