2.234207200000000171e+01 -7.321279800000000648e+01 -1.130249999999999977e+00 -3.077399999999999913e+00
2.198547500000000099e+01 -7.319919199999999648e+01 -1.569250000000000034e+00 -3.761400000000000077e+00
2.246129900000000035e+01 -7.319313699999999301e+01 -1.203249999999999931e+00 -3.580400000000000027e+00
2.232340500000000105e+01 -7.318843400000000088e+01 -1.116249999999999964e+00 -3.116400000000000059e+00
2.196396599999999921e+01 -7.316469600000000639e+01 -1.643250000000000099e+00 -3.142399999999999860e+00
2.213128299999999982e+01 -7.314921400000000062e+01 -1.425249999999999906e+00 -3.676400000000000112e+00
2.229168599999999856e+01 -7.314416799999999341e+01 -1.520250000000000101e+00 -3.572400000000000020e+00
2.196870699999999843e+01 -7.313642900000000679e+01 -1.441249999999999920e+00 -3.313400000000000123e+00
2.224239800000000145e+01 -7.311523400000000095e+01 -1.213249999999999940e+00 -3.397400000000000198e+00
2.248117600000000138e+01 -7.310860499999999718e+01 -1.079250000000000043e+00 -3.679399999999999782e+00
2.192725700000000089e+01 -7.306004000000000076e+01 -9.202500000000000124e-01 -3.490400000000000169e+00
2.260785600000000173e+01 -7.342582500000000323e+01 -5.373999999999999888e-01 -3.417279999999999873e+00
2.246939300000000017e+01 -7.342208200000000318e+01 -7.673999999999999710e-01 -3.001279999999999948e+00
2.246297799999999967e+01 -7.341652700000000209e+01 -9.774000000000000465e-01 -3.143279999999999852e+00
2.258142600000000044e+01 -7.338394900000000121e+01 -4.693999999999999839e-01 -3.030279999999999863e+00
2.230615200000000087e+01 -7.337736900000000162e+01 -7.214000000000000412e-01 -3.284279999999999866e+00
2.226710100000000025e+01 -7.337709099999999296e+01 8.035999999999999810e-01 -3.272279999999999855e+00
2.249205100000000002e+01 -7.337144200000000183e+01 -1.016399999999999970e+00 -3.398280000000000189e+00
2.256708100000000172e+01 -7.336843399999999349e+01 -7.853999999999999870e-01 -3.018279999999999852e+00
2.266966599999999943e+01 -7.336012100000000657e+01 -8.440000000000000280e-02 -3.083279999999999799e+00
2.259577499999999972e+01 -7.334291199999999833e+01 -2.573399999999999910e+00 -3.578279999999999905e+00
2.247974299999999914e+01 -7.334272199999999486e+01 -9.943999999999999506e-01 -3.321279999999999788e+00
2.234890700000000052e+01 -7.332934000000000196e+01 -1.154400000000000093e+00 -3.462279999999999802e+00
2.262056600000000017e+01 -7.332777799999999502e+01 -8.384000000000000341e-01 -3.765280000000000182e+00
2.248873899999999892e+01 -7.332447299999999757e+01 -8.304000000000000270e-01 -3.070279999999999898e+00
2.217354600000000175e+01 -7.330339800000000139e+01 -1.358400000000000052e+00 -3.333279999999999799e+00
2.210152100000000175e+01 -7.330161699999999314e+01 -9.404000000000000137e-01 -3.194280000000000008e+00
2.228797700000000148e+01 -7.329938799999999333e+01 -1.018399999999999972e+00 -3.119279999999999831e+00
2.219193999999999889e+01 -7.329492799999999875e+01 -1.170400000000000107e+00 -3.132280000000000175e+00
2.227850700000000117e+01 -7.328767600000000471e+01 -1.012399999999999967e+00 -3.313279999999999781e+00
2.253257299999999930e+01 -7.325141999999999598e+01 -4.833999999999999964e-01 -3.844279999999999919e+00
2.223185700000000153e+01 -7.324853000000000236e+01 -8.853999999999999648e-01 -3.615279999999999827e+00
2.194190800000000152e+01 -7.354900800000000061e+01 1.292999999999999927e+00 -3.073999999999999844e+00
2.260323299999999946e+01 -7.353879399999999578e+01 -4.929999999999999938e-01 -3.120999999999999996e+00
2.236527200000000093e+01 -7.353372500000000400e+01 -1.650000000000000078e-01 -3.134999999999999787e+00
2.229637999999999920e+01 -7.351134299999999655e+01 -1.739999999999999880e-01 -3.273000000000000131e+00
2.229500200000000021e+01 -7.350510599999999783e+01 -3.539999999999999813e-01 -3.140000000000000124e+00
2.235021499999999861e+01 -7.349524200000000462e+01 5.789999999999999591e-01 -3.964999999999999858e+00
2.260467900000000085e+01 -7.346390599999999438e+01 -7.860000000000000320e-01 -3.633000000000000007e+00
2.236786100000000133e+01 -7.343510200000000054e+01 -2.899999999999999800e-01 -3.100999999999999979e+00
2.243927899999999909e+01 -7.343175800000000208e+01 -5.540000000000000480e-01 -3.903999999999999915e+00
2.262706100000000120e+01 -7.343150400000000388e+01 -9.469999999999999529e-01 -3.826999999999999957e+00
2.134968100000000035e+01 -7.342523500000000070e+01 -5.645999999999999908e-01 -3.167320000000000135e+00
2.137711200000000034e+01 -7.341155000000000541e+01 -2.659999999999999865e-02 -3.697319999999999940e+00
2.190081899999999848e+01 -7.341095799999999372e+01 -7.995999999999999774e-01 -3.250319999999999876e+00
2.182309400000000110e+01 -7.340545500000000345e+01 -1.295600000000000085e+00 -3.219320000000000181e+00
2.131130299999999878e+01 -7.339771700000000010e+01 -6.346000000000000529e-01 -3.240320000000000089e+00
2.154319399999999973e+01 -7.339851000000000170e+01 1.383999999999999952e-01 -3.968319999999999848e+00
2.137667499999999876e+01 -7.338867899999999622e+01 5.940000000000000141e-02 -3.570320000000000160e+00
2.184865599999999830e+01 -7.336857100000000287e+01 -8.836000000000000520e-01 -3.518320000000000114e+00
2.149413799999999952e+01 -7.334728900000000351e+01 -3.986000000000000099e-01 -3.767319999999999780e+00
2.121688500000000133e+01 -7.333838500000000238e+01 -8.759999999999999731e-02 -3.157319999999999904e+00
2.121996700000000047e+01 -7.332257699999999545e+01 -6.266000000000000458e-01 -3.463319999999999954e+00
2.152606700000000117e+01 -7.332392500000000268e+01 -1.169599999999999973e+00 -3.553319999999999812e+00
2.121106199999999831e+01 -7.331831400000000087e+01 -4.905999999999999805e-01 -3.613319999999999865e+00
2.152237399999999923e+01 -7.331843800000000044e+01 -5.695999999999999952e-01 -3.188320000000000043e+00
2.163790399999999892e+01 -7.330778999999999712e+01 -1.254599999999999937e+00 -3.102320000000000189e+00
2.178827199999999920e+01 -7.330143900000000201e+01 -1.384600000000000053e+00 -3.273320000000000007e+00
2.177574699999999908e+01 -7.330111399999999833e+01 -1.089599999999999902e+00 -3.929320000000000146e+00
2.160968799999999845e+01 -7.329237399999999525e+01 -8.646000000000000352e-01 -3.899319999999999897e+00
2.133160700000000176e+01 -7.328668199999999899e+01 -1.365999999999999992e-01 -3.769320000000000004e+00
2.126609600000000100e+01 -7.328361499999999751e+01 -1.185999999999999971e-01 -3.631320000000000103e+00
2.133814100000000025e+01 -7.328319299999999714e+01 -1.209600000000000009e+00 -3.388320000000000221e+00
2.125911699999999982e+01 -7.328040400000000432e+01 -2.456000000000000127e-01 -3.617319999999999869e+00
2.139676700000000054e+01 -7.327136699999999792e+01 -9.936000000000000387e-01 -3.648320000000000007e+00
2.168961200000000034e+01 -7.326532199999999762e+01 -8.656000000000000361e-01 -3.629319999999999879e+00
2.142385000000000161e+01 -7.326043300000000613e+01 -5.675999999999999934e-01 -3.036319999999999908e+00
2.130347499999999883e+01 -7.325870000000000459e+01 -7.356000000000000316e-01 -3.119320000000000093e+00
2.131987600000000072e+01 -7.325692499999999541e+01 -1.095599999999999907e+00 -3.270319999999999894e+00
2.135109800000000035e+01 -7.325493000000000166e+01 -1.002599999999999936e+00 -3.732320000000000082e+00
2.166421700000000072e+01 -7.324837499999999579e+01 -1.498599999999999932e+00 -3.210319999999999840e+00
2.121029800000000165e+01 -7.324424799999999891e+01 -5.766000000000000014e-01 -3.873320000000000096e+00
2.181057900000000060e+01 -7.324575699999999756e+01 -1.701600000000000001e+00 -3.401320000000000121e+00
2.143396699999999910e+01 -7.324261199999999405e+01 -9.305999999999999828e-01 -3.465320000000000178e+00
2.123669900000000155e+01 -7.323674699999999405e+01 -7.915999999999999703e-01 -3.260320000000000107e+00
2.148195000000000121e+01 -7.323040500000000463e+01 -9.726000000000000201e-01 -3.747320000000000206e+00
2.170712500000000134e+01 -7.321534200000000681e+01 -1.267600000000000060e+00 -3.455319999999999947e+00
