2.198876699999999929e+01 -7.317074499999999659e+01 -1.394249999999999989e+00 -5.059400000000000119e+00
2.205012599999999878e+01 -7.310178500000000668e+01 -1.405250000000000110e+00 -4.714400000000000368e+00
2.204241100000000131e+01 -7.309399399999999503e+01 -1.508250000000000091e+00 -4.428399999999999892e+00
2.194053699999999907e+01 -7.308768100000000345e+01 -1.485249999999999959e+00 -4.656399999999999650e+00
2.223540799999999962e+01 -7.308458199999999749e+01 -1.449249999999999927e+00 -4.846400000000000041e+00
2.255496899999999982e+01 -7.342965300000000184e+01 -4.103999999999999870e-01 -4.654279999999999973e+00
2.265455700000000050e+01 -7.342103099999999927e+01 -4.924000000000000044e-01 -4.371279999999999610e+00
2.267916599999999860e+01 -7.341817600000000255e+01 -9.374000000000000110e-01 -4.607280000000000264e+00
2.254814100000000110e+01 -7.340329400000000248e+01 -8.614000000000000545e-01 -4.295279999999999987e+00
2.250392799999999838e+01 -7.340247100000000557e+01 -5.704000000000000181e-01 -4.516280000000000072e+00
2.245829900000000023e+01 -7.339339599999999564e+01 -1.854000000000000092e-01 -4.478279999999999816e+00
2.244292700000000096e+01 -7.338979500000000655e+01 -1.012399999999999967e+00 -4.369279999999999831e+00
2.223506300000000024e+01 -7.338680800000000204e+01 -8.044000000000000039e-01 -4.383280000000000065e+00
2.220703400000000016e+01 -7.338209399999999505e+01 -7.663999999999999702e-01 -4.233279999999999710e+00
2.264036300000000068e+01 -7.337237700000000018e+01 -6.203999999999999515e-01 -4.208280000000000243e+00
2.256833800000000068e+01 -7.334781499999999710e+01 -1.087399999999999922e+00 -4.568279999999999674e+00
2.254437499999999872e+01 -7.331577599999999961e+01 4.536000000000000032e-01 -4.777280000000000193e+00
2.219763000000000019e+01 -7.330651899999999443e+01 -8.444000000000000394e-01 -4.710280000000000022e+00
2.230132199999999898e+01 -7.329100999999999999e+01 -1.973999999999999921e-01 -4.765279999999999738e+00
2.234350299999999834e+01 -7.326570999999999856e+01 -4.434000000000000163e-01 -4.699279999999999902e+00
2.230555400000000077e+01 -7.322069700000000125e+01 -1.023400000000000087e+00 -4.197280000000000122e+00
2.261404699999999934e+01 -7.343412600000000623e+01 -4.030000000000000249e-01 -4.213000000000000078e+00
2.170834599999999881e+01 -7.339616499999999633e+01 -2.259999999999999856e-02 -4.320319999999999716e+00
2.182525800000000160e+01 -7.338868399999999781e+01 -1.071600000000000108e+00 -4.164320000000000022e+00
2.155886599999999831e+01 -7.330980599999999470e+01 -5.715999999999999970e-01 -4.431320000000000370e+00
2.179555600000000126e+01 -7.330625299999999811e+01 -1.201600000000000001e+00 -4.116319999999999979e+00
2.182679200000000108e+01 -7.330100000000000193e+01 -1.600600000000000023e+00 -4.110319999999999752e+00
2.157585999999999871e+01 -7.329582800000000020e+01 -5.695999999999999952e-01 -4.442319999999999602e+00
2.160094799999999893e+01 -7.329330199999999707e+01 4.173999999999999932e-01 -4.444320000000000270e+00
2.164684600000000003e+01 -7.325463899999999740e+01 -2.255999999999999950e-01 -4.767319999999999780e+00
2.174947200000000080e+01 -7.324462400000000173e+01 -1.467600000000000016e+00 -4.328319999999999723e+00
2.138556399999999869e+01 -7.323170299999999600e+01 -9.776000000000000245e-01 -4.368319999999999759e+00
2.167834799999999973e+01 -7.323038099999999417e+01 -1.489600000000000035e+00 -4.266320000000000334e+00
