# id       ra          dec          nuv_v    nuv       b_v      v         ra_1                dec_1                ra_2                dec_2                galex_ebv    galex_nuv   galex_nuv_magerr   Separation            
  2322.0   22.054205   -73.211203   -0.571   -0.3072   0.074    0.2638    22.05494736857884   -73.21111645883904   22.05494736857884   -73.21111645883904   0.06844459   19.35347    0.03239346         0.8324447738600982    
  2328.0   22.428138   -73.211611   -0.18    0.5188    0.228    0.6988    22.42845363743123   -73.21165857052141   22.42845363743123   -73.21165857052141   0.05731459   20.20586    0.05673656         0.3701972818129959    
  2335.0   22.471845   -73.211071   -0.575   -0.5752   0.075    -2.0E-4   22.47275483832914   -73.2112837596094    22.47275483832914   -73.2112837596094    0.05669683   18.89626    0.0272393          1.217266910038115     
  2338.0   22.527614   -73.209911   -0.418   -1.6952   0.089    -1.2772   22.52794492356135   -73.2099878311165    22.52794492356135   -73.2099878311165    0.05669683   17.81386    0.01472502         0.44150930161901814   
  2345.0   22.039006   -73.2077     -0.349   0.2888    0.279    0.6378    22.03919651137833   -73.20776734238783   22.03919651137833   -73.20776734238783   0.06844459   20.3208     0.05721784         0.3131030299131006    
  2350.0   22.120615   -73.207797   -0.392   0.5538    0.116    0.9458    22.12076022076763   -73.20772149742955   22.12076022076763   -73.20772149742955   0.06201571   20.50127    0.06601361         0.31095386166522077   
  2381.0   22.167294   -73.202296   5.011    0.5918    0.908    -4.4192   22.1673381425942    -73.20223964260907   22.1673381425942    -73.20223964260907   0.06201571   20.5505     0.06945048         0.2080194217492092    
  2410.0   22.083067   -73.197983   -0.797   -2.3162   0.05     -1.5192   22.08315347307895   -73.19797723545533   22.08315347307895   -73.19797723545533   0.06201571   17.44238    0.01128862         0.09234890315781127   
  2459.0   22.461299   -73.193137   -1.126   -3.4592   0.018    -2.3332   22.46124913042385   -73.193525312219     22.46124913042385   -73.193525312219     0.0566756    15.86509    0.005904896        1.3988874606334962    
  2461.0   22.210271   -73.19236    -0.238   0.1068    0.084    0.3448    22.20999424344125   -73.19281291495201   22.20999424344125   -73.19281291495201   0.06201571   19.75377    0.04862018         1.6557498226138843    
  2539.0   22.255442   -73.179027   -0.287   -0.3482   0.112    -0.0612   22.25529511466412   -73.17901043268913   22.25529511466412   -73.17901043268913   0.05732509   19.06826    0.03233091         0.16423410393150165   
  2566.0   22.529067   -73.176269   -0.584   -0.0232   -0.094   0.5608    22.52780725992136   -73.1761298678516    22.52780725992136   -73.1761298678516    0.05433784   19.55824    0.04460505         1.4049006002646336    
  2568.0   22.471027   -73.175683   -0.451   0.4068    0.145    0.8578    22.47032109366098   -73.17566128848397   22.47032109366098   -73.17566128848397   0.0566756    20.12721    0.06086239         0.7396798892446318    
  2569.0   22.25099    -73.174935   -0.841   -1.1682   0.047    -0.3272   22.25102864098448   -73.17496958946533   22.25102864098448   -73.17496958946533   0.05732509   18.56723    0.02110471         0.13087014422898557   
  2573.0   22.165649   -73.174383   -0.498   -1.6682   0.069    -1.1702   22.16603008590332   -73.17444861571656   22.16603008590332   -73.17444861571656   0.06201571   17.9345     0.01522411         0.4620563385066464    
  2596.0   22.131033   -73.171428   -1.233   -1.3422   0.055    -0.1092   22.13122652780938   -73.17120933927323   22.13122652780938   -73.17120933927323   0.05943691   18.40541    0.019592           0.8126093802554485    
  2643.0   22.491325   -73.167178   1.43     0.6198    0.589    -0.8102   22.4915811763538    -73.16729115716981   22.4915811763538    -73.16729115716981   0.05433784   20.68402    0.0829237          0.48710160217071174   
  2668.0   22.425657   -73.164374   -0.46    -0.1602   0.012    0.2998    22.42505381421437   -73.16410513585706   22.42505381421437   -73.16410513585706   0.0566756    19.10032    0.03524476         1.1542932872811493    
  2670.0   22.389811   -73.16321    -0.562   0.1588    0.052    0.7208    22.38895900059853   -73.16331850755061   22.38895900059853   -73.16331850755061   0.05360449   19.85386    0.04761516         0.9704866954174772    
  2719.0   22.508774   -73.157457   -0.426   -1.7522   0.067    -1.3262   22.50835676433197   -73.15740231611831   22.50835676433197   -73.15740231611831   0.05433784   17.654      0.01408112         0.4776616455385002    
  2747.0   22.450382   -73.151815   0.086    -0.5062   0.091    -0.5922   22.45067075877779   -73.15196104419766   22.45067075877779   -73.15196104419766   0.05433784   18.97498    0.0292501          0.6059705066216051    
  2755.0   22.131283   -73.149214   -1.348   -3.5552   0.004    -2.2072   22.132089952017     -73.14935919668005   22.132089952017     -73.14935919668005   0.05355859   16.01902    0.005965387        0.9911442867615203    
  2786.0   22.291686   -73.144168   -1.443   -3.4512   -0.033   -2.0082   22.29234170899538   -73.14417210395268   22.29234170899538   -73.14417210395268   0.05360449   16.03484    0.006067556        0.6846357920794057    
  2794.0   22.574359   -73.14375    -0.367   -1.6002   0.096    -1.2332   22.57406056801986   -73.14385813797875   22.57406056801986   -73.14385813797875   0.05433784   18.0178     0.01672148         0.4986017983141002    
  2800.0   22.38307    -73.141731   -0.366   0.3158    0.103    0.6818    22.38306919958055   -73.141777331105     22.38306919958055   -73.141777331105     0.05360449   20.09233    0.05242638         0.1667940713833936    
  2803.0   22.411843   -73.140891   -0.292   0.3388    0.102    0.6308    22.41147495526389   -73.14088745098525   22.41147495526389   -73.14088745098525   0.0508261    19.59788    0.04181956         0.3844766047594376    
  2806.0   22.355143   -73.140126   -0.198   0.2108    0.126    0.4088    22.35613494880403   -73.14013353686417   22.35613494880403   -73.14013353686417   0.05360449   19.74466    0.04875327         1.0360640689657272    
  2829.0   22.101621   -73.134421   -0.301   0.2988    0.047    0.5998    22.10167771254249   -73.13443371857502   22.10167771254249   -73.13443371857502   0.05355859   19.79127    0.04300138         0.07486713974743828   
  2830.0   22.601928   -73.135363   -0.969   -1.4362   -0.116   -0.4672   22.60178007160255   -73.13528082094498   22.60178007160255   -73.13528082094498   0.05181608   18.12628    0.01693539         0.33375644048480013   
  2831.0   22.042874   -73.133963   -0.662   -0.7832   0.074    -0.1212   22.0426681679215    -73.13404647135884   22.0426681679215    -73.13404647135884   0.05491983   18.88024    0.02515585         0.36948383426541637   
  2847.0   22.306276   -73.131397   -0.956   -1.2782   0.033    -0.3222   22.30626901324908   -73.13145310226717   22.30626901324908   -73.13145310226717   0.05360449   18.33246    0.01904876         0.20209999595968875   
  2855.0   22.284077   -73.128731   -1.226   -2.2552   -0.001   -1.0292   22.28426009542138   -73.12874204027794   22.28426009542138   -73.12874204027794   0.04888939   17.37734    0.01116404         0.195383312482746     
  2867.0   22.379391   -73.125985   -0.321   0.4448    0.05     0.7658    22.37939015293574   -73.12620756807274   22.37939015293574   -73.12620756807274   0.0508261    20.06702    0.05640442         0.801245550825591     
  2883.0   22.320442   -73.121902   -0.161   0.5488    0.103    0.7098    22.32057339966763   -73.12202974675304   22.32057339966763   -73.12202974675304   0.04888939   20.10569    0.05373889         0.4799578140328991    
  2900.0   22.150253   -73.11864    -0.509   0.1328    0.13     0.6418    22.14895771876107   -73.11844196320033   22.14895771876107   -73.11844196320033   0.05355859   20.07846    0.05782696         1.530317158641153     
  2902.0   22.116851   -73.117854   -0.829   -1.3642   0.065    -0.5352   22.11689833519604   -73.11784128735654   22.11689833519604   -73.11784128735654   0.04928978   18.31205    0.01789802         0.06740494789738895   
  2903.0   22.103912   -73.117866   -0.879   -0.8572   0.033    0.0218    22.10418819167681   -73.11797872387588   22.10418819167681   -73.11797872387588   0.04928978   18.62509    0.0226158          0.4980481603441727    
  2915.0   21.962445   -73.115086   -0.611   -0.7842   0.061    -0.1732   21.96222034076683   -73.11512350187998   21.96222034076683   -73.11512350187998   0.05491983   18.88229    0.02507745         0.27094032822414404   
  2918.0   22.306846   -73.115951   -1.14    -1.2872   0.011    -0.1472   22.30692065869197   -73.11606940264747   22.30692065869197   -73.11606940264747   0.04888939   18.46853    0.02001658         0.43333833281997197   
  2924.0   22.242398   -73.115234   -1.136   -3.2762   0.026    -2.1402   22.24355747319335   -73.11503271720235   22.24355747319335   -73.11503271720235   0.04888939   16.18085    0.006347565        1.4124103363063498    
  2932.0   21.938692   -73.112337   -0.808   -0.7012   0.099    0.1068    21.93866932855419   -73.112365030024     21.93866932855419   -73.112365030024     0.04933612   19.14167    0.02814098         0.10365606915822387   
  2959.0   22.481176   -73.108605   -1.002   -3.5582   0.13     -2.5562   22.48157613629619   -73.10845929438578   22.48157613629619   -73.10845929438578   0.0508261    15.91411    0.005634944        0.6710628278198331    
  2964.0   22.201106   -73.107115   -0.087   0.5308    0.118    0.6178    22.20122463984333   -73.1073392663318    22.20122463984333   -73.1073392663318    0.04888939   20.07846    0.05597017         0.8168421558145503    
  2976.0   22.30328    -73.105902   -0.78    -2.3462   0.044    -1.5662   22.30342409938584   -73.10590000664932   22.30342409938584   -73.10590000664932   0.04888939   17.20151    0.01031441         0.15092360488142317   
  2990.0   22.050126   -73.101785   -1.328   -4.5932   -0.028   -3.2652   22.05041818289968   -73.10171489832555   22.05041818289968   -73.10171489832555   0.04928978   14.7909     0.003251326        0.39644637460655224   
  3003.0   22.123553   -73.098462   -0.496   -2.2412   0.072    -1.7452   22.12431509767855   -73.0982377312015    22.12431509767855   -73.0982377312015    0.04928978   17.37923    0.01158028         1.134927091074697     
  3009.0   22.515008   -73.098904   -0.541   0.1208    0.076    0.6618    22.51422053772482   -73.09893751177317   22.51422053772482   -73.09893751177317   0.04806791   20.08917    0.05444973         0.8329355614167718    
  3018.0   22.042411   -73.093994   -1.431   -4.3072   -0.03    -2.8762   22.04275237792128   -73.09390751280353   22.04275237792128   -73.09390751280353   0.04928978   14.8793     0.003426126        0.4739892079526275    
  3044.0   22.182993   -73.090202   -0.562   -2.0602   0.062    -1.4982   22.18305725773744   -73.09028221792177   22.18305725773744   -73.09028221792177   0.04490191   17.6637     0.0131846          0.29651947223266945   
  3045.0   22.313509   -73.09022    -0.303   -0.7982   0.076    -0.4952   22.31434057406533   -73.09029333613113   22.31434057406533   -73.09029333613113   0.04633885   18.88968    0.02635915         0.9098963172680924    
  3051.0   21.940537   -73.087681   -1.408   -4.5352   -0.049   -3.1272   21.93954046192517   -73.08748950926653   21.93954046192517   -73.08748950926653   0.04933612   14.64468    0.003270707        1.2507713028804328    
  3071.0   22.235408   -73.084582   -1.372   -4.7252   -0.044   -3.3532   22.23620806192863   -73.0844998340615    22.23620806192863   -73.0844998340615    0.04490191   14.63899    0.003060504        0.888702125096025     
  3072.0   22.506258   -73.08504    4.133    -0.8902   0.751    -5.0232   22.506609452432     -73.08495752312005   22.506609452432     -73.08495752312005   0.04806791   18.84576    0.02544881         0.4729409765035934    
  3115.0   22.099359   -73.075535   -1.414   -2.8742   -0.014   -1.4602   22.09927175460927   -73.07538007694446   22.09927175460927   -73.07538007694446   0.04490191   16.74016    0.008134287        0.5651681352112787    
  3123.0   22.077036   -73.073898   -0.616   -0.3832   0.066    0.2328    22.07666590222848   -73.07409711435027   22.07666590222848   -73.07409711435027   0.04350099   18.53935    0.03319488         0.8150352012548364    
  3137.0   22.350723   -73.072932   -0.291   0.3348    0.107    0.6258    22.35109369217517   -73.07280040789992   22.35109369217517   -73.07280040789992   0.04633885   20.10186    0.05489623         0.6126893997776683    
  3147.0   21.989151   -73.069721   -0.491   0.5388    0.128    1.0298    21.98847234734993   -73.06972616561613   21.98847234734993   -73.06972616561613   0.04567777   20.31728    0.06050691         0.7117070859275006    
  3154.0   22.521628   -73.070469   -0.575   0.1298    0.06     0.7048    22.5215921163202    -73.07041302649476   22.5215921163202    -73.07041302649476   0.04806791   20.03027    0.05073075         0.20498573767968226   
  3164.0   22.137869   -73.067057   -0.493   0.4068    0.167    0.8998    22.13773516091434   -73.06697813406532   22.13773516091434   -73.06697813406532   0.04490191   20.50554    0.06932046         0.31670499695089177   
  3168.0   22.560669   -73.067507   -0.621   -1.6652   0.072    -1.0442   22.56064985154534   -73.06746562756219   22.56064985154534   -73.06746562756219   0.04587727   17.92748    0.01512739         0.15028783520777006   
  3176.0   22.08416    -73.06483    -0.501   -0.2292   0.236    0.2718    22.08398498279881   -73.06481581465646   22.08398498279881   -73.06481581465646   0.04350099   19.07879    0.0384159          0.19050274898235495   
  3185.0   22.370904   -73.063769   -0.644   -1.8632   0.057    -1.2192   22.37020185302213   -73.0637032873045    22.37020185302213   -73.0637032873045    0.04633885   17.17412    0.0104842          0.773414679470556     
  3192.0   22.186558   -73.06149    -0.614   -0.9052   0.115    -0.2912   22.18652222466296   -73.06147317580555   22.18652222466296   -73.06147317580555   0.04490191   18.78345    0.02362575         0.07124835706403898   
  3197.0   21.927257   -73.06004    -0.843   -3.3692   0.036    -2.5262   21.92752510116339   -73.05995575036067   21.92752510116339   -73.05995575036067   0.04426419   16.27523    0.006510878        0.41361190105124124   
  3205.0   22.496077   -73.058351   -0.542   -0.3892   0.146    0.1528    22.49635289650956   -73.058176811557     22.49635289650956   -73.058176811557     0.04402095   19.02975    0.02852652         0.6906478655946571    
  3216.0   22.014137   -73.052224   -0.415   0.0208    0.663    0.4358    22.01409820292879   -73.0522153443214    22.01409820292879   -73.0522153443214    0.04567777   19.79842    0.04292341         0.05126962303560835   
  3218.0   22.416963   -73.05307    -0.857   -0.7462   0.077    0.1108    22.41699792227519   -73.0531400089868    22.41699792227519   -73.0531400089868    0.04402095   18.84822    0.02698188         0.254682557400657     
  3219.0   21.980525   -73.051576   -0.759   -0.6072   0.07     0.1518    21.98066313404615   -73.05159537559653   21.98066313404615   -73.05159537559653   0.04567777   19.13766    0.02873198         0.1608716007227515    
  3222.0   22.428734   -73.052929   -0.465   0.4598    0.052    0.9248    22.42847463804763   -73.05294872659498   22.42847463804763   -73.05294872659498   0.04402095   20.02627    0.05900786         0.2812757650591927    
  3261.0   22.381037   -73.044856   0.222    -0.0542   0.177    -0.2762   22.38047595226304   -73.04526094251246   22.38047595226304   -73.04526094251246   0.04338646   19.60986    0.04856689         1.5722873221004525    
  3275.0   22.160337   -73.038252   -0.991   -1.3112   0.078    -0.3202   22.16037346063611   -73.0382515674516    22.16037346063611   -73.0382515674516    0.04353234   18.41071    0.01939114         0.038324048344755286  
  3289.0   22.596353   -73.035161   -0.525   -0.3582   0.035    0.1668    22.59627819859797   -73.03513712784405   22.59627819859797   -73.03513712784405   0.0437896    19.28726    0.03281704         0.11644488597555254   
  3298.0   22.576143   -73.03294    -0.754   -1.7612   0.035    -1.0072   22.57601355709156   -73.0329014031465    22.57601355709156   -73.0329014031465    0.0437896    17.75965    0.01392643         0.19442052575257848   
  740.0    22.232066   -73.429989   -0.42    -1.283    0.046    -0.863    22.23205028549862   -73.42997913664605   22.23205028549862   -73.42997913664605   0.05309531   17.84159    0.01417036         0.03900151159522106   
  754.0    22.323248   -73.42858    -0.55    -1.438    0.034    -0.888    22.32354359930323   -73.42861898796912   22.32354359930323   -73.42861898796912   0.05471446   17.91467    0.01429043         0.3343909548354644    
  758.0    22.116486   -73.426609   0.116    0.983     0.183    0.867     22.11636420143663   -73.42679395276913   22.11636420143663   -73.42679395276913   0.05715236   20.68653    0.07360667         0.6774750048574891    
  759.0    21.907289   -73.425774   -0.183   -1.52     0.162    -1.337    21.90743066446013   -73.42574505121775   21.90743066446013   -73.42574505121775   0.06319746   17.43958    0.01112916         0.17895543981830625   
  763.0    22.211006   -73.426296   2.575    0.64      1.239    -1.935    22.2110006801458    -73.4262702122716    22.2110006801458    -73.4262702122716    0.05309531   19.96819    0.04553695         0.09299641678457568   
  813.0    22.256096   -73.420285   0.371    -0.013    0.128    -0.384    22.2575324561732    -73.42053239778302   22.2575324561732    -73.42053239778302   0.05309531   18.89468    0.02545619         1.7235475414566461    
  821.0    22.178309   -73.419573   0.002    0.316     0.097    0.314     22.17852305328017   -73.41953170476918   22.17852305328017   -73.41953170476918   0.05309531   19.62207    0.03632304         0.2654343047208715    
  842.0    22.137822   -73.416136   0.76     0.5       0.173    -0.26     22.13753203470162   -73.41609597418118   22.13753203470162   -73.41609597418118   0.05715236   19.90705    0.04394997         0.3309561278459719    
  874.0    22.072688   -73.411837   -0.119   0.165     0.119    0.284     22.07254130437949   -73.41175684116381   22.07254130437949   -73.41175684116381   0.05879169   19.40647    0.03238281         0.3255840757437807    
  886.0    22.223949   -73.410747   -0.4     -1.873    0.038    -1.473    22.22372974132907   -73.41064455294      22.22372974132907   -73.41064455294      0.05309531   17.40049    0.01093012         0.4322131491590919    
  894.0    22.189663   -73.409849   -0.444   -2.462    0.049    -2.018    22.18899272707656   -73.4093840578023    22.18899272707656   -73.4093840578023    0.05309531   16.65468    0.007697649        1.8100450373539179    
  912.0    22.108848   -73.40743    -0.194   -1.937    0.055    -1.743    22.10903590468356   -73.407363626026     22.10903590468356   -73.407363626026     0.05879169   17.2084     0.009816295        0.3072634415194135    
  913.0    21.98002    -73.406313   -0.259   -0.995    0.099    -0.736    21.97985131438795   -73.40640539555547   21.97985131438795   -73.40640539555547   0.05879169   18.134      0.01600749         0.3751198615596423    
  921.0    22.056575   -73.406473   -0.288   -1.249    0.1      -0.961    22.05721032681413   -73.4065297069216    22.05721032681413   -73.4065297069216    0.05879169   17.75117    0.01296506         0.684329980791451     
  926.0    22.089903   -73.405896   0.076    0.182     0.095    0.106     22.09003379708342   -73.40596017243723   22.09003379708342   -73.40596017243723   0.05879169   19.29623    0.03081397         0.2673091673938722    
  940.0    22.344876   -73.405834   -0.186   -1.746    0.053    -1.56     22.34510219035133   -73.4058105553365    22.34510219035133   -73.4058105553365    0.04999935   17.37481    0.01093201         0.24739476961822346   
  955.0    22.306693   -73.403319   0.102    0.907     0.006    0.805     22.30644281118242   -73.4032428471859    22.30644281118242   -73.4032428471859    0.04999935   20.42449    0.06073006         0.3759563986860033    
  958.0    22.279627   -73.4032     0.104    0.738     0.139    0.634     22.27992428896552   -73.40337748658408   22.27992428896552   -73.40337748658408   0.04999935   20.66379    0.07053714         0.7083145642717404    
  993.0    22.33173    -73.399134   -0.467   -1.151    0.053    -0.684    22.33185281380204   -73.39910306965398   22.33185281380204   -73.39910306965398   0.04999935   18.16466    0.01624319         0.16838897805768585   
  998.0    22.354549   -73.398354   -0.237   -0.733    0.066    -0.496    22.35462094983563   -73.39836257561392   22.35462094983563   -73.39836257561392   0.04999935   18.5513     0.02034473         0.08018711333935517   
  999.0    22.143663   -73.397514   -0.43    -2.024    0.066    -1.594    22.14375707820591   -73.3970950451058    22.14375707820591   -73.3970950451058    0.05518793   17.05399    0.009447802        1.511339029045689     
  1001.0   22.003474   -73.396353   -0.316   -1.417    0.095    -1.101    22.00363382255398   -73.39620999003093   22.00363382255398   -73.39620999003093   0.05879169   17.64277    0.01281515         0.5404503396237058    
  1037.0   22.091668   -73.390968   -0.323   -0.223    0.113    0.1       22.09169426341427   -73.39094909312664   22.09169426341427   -73.39094909312664   0.05518793   19.16605    0.02750713         0.07323383690376417   
  1073.0   22.235063   -73.386808   -0.722   -4.254    -0.047   -3.532    22.2355628691008    -73.38637645655213   22.2355628691008    -73.38637645655213   0.04999935   14.67666    0.002984739        1.6365378041841439    
  1080.0   21.987473   -73.384372   -0.412   -0.337    0.069    0.075     21.98733569308283   -73.38432504267632   21.98733569308283   -73.38432504267632   0.06342588   18.28912    0.02052291         0.22035317715261324   
  1100.0   21.971106   -73.382135   -0.326   -1.228    0.148    -0.902    21.97127290680106   -73.38210169378617   21.97127290680106   -73.38210169378617   0.06342588   17.63794    0.01356306         0.20953629573024773   
  1114.0   22.207034   -73.382094   -0.684   -4.104    -0.026   -3.42     22.20773299260108   -73.38220881777671   22.20773299260108   -73.38220881777671   0.05518793   14.79398    0.003179006        0.82990907457143      
  1144.0   21.96928    -73.376793   0.156    -0.074    0.113    -0.23     21.96948964083881   -73.3768301240322    21.96948964083881   -73.3768301240322    0.06342588   18.32246    0.01876054         0.2539208597765143    
  1146.0   22.306152   -73.377369   -0.639   -3.155    0.003    -2.516    22.30620461411444   -73.37731530124098   22.30620461411444   -73.37731530124098   0.04999935   16.0721     0.005873484        0.20076560284407627   
  1166.0   22.03569    -73.372901   -0.22    -0.73     0.141    -0.51     22.03586955712703   -73.37295983187042   22.03586955712703   -73.37295983187042   0.06182753   18.65102    0.0208515          0.2811910447346052    
  1167.0   21.966211   -73.372669   -0.302   -0.689    0.152    -0.387    21.96629614136549   -73.37272882930117   21.96629614136549   -73.37272882930117   0.06342588   18.40087    0.01863286         0.23255804975458158   
  1184.0   22.083563   -73.372162   -0.382   -1.132    0.12     -0.75     22.08343291760211   -73.37220824824774   22.08343291760211   -73.37220824824774   0.05518793   18.05243    0.01584707         0.21372276977087762   
  1205.0   22.399254   -73.370214   0.232    0.996     0.066    0.764     22.39926132335329   -73.37027134185416   22.39926132335329   -73.37027134185416   0.04956389   20.72647    0.07575991         0.20656851414188543   
  1229.0   22.380804   -73.366377   0.287    1.038     0.133    0.751     22.38057183522168   -73.36641852752103   22.38057183522168   -73.36641852752103   0.04956389   20.41178    0.06200821         0.2821146336429052    
  1241.0   21.991309   -73.36322    0.226    0.349     0.146    0.123     21.99116212276379   -73.36304336985191   21.99116212276379   -73.36304336985191   0.06342588   19.4781     0.03429376         0.6536409785559912    
  1268.0   22.337539   -73.361258   0.333    0.903     0.075    0.57      22.33731481356814   -73.36141098938108   22.33731481356814   -73.36141098938108   0.04956389   20.23711    0.05471911         0.5972791479164433    
  1274.0   22.03827    -73.359225   -0.252   -0.57     0.121    -0.318    22.03672402918514   -73.3592197059992    22.03672402918514   -73.3592197059992    0.06182753   18.60146    0.02245512         1.5939066058245028    
  1281.0   22.373934   -73.35968    -0.639   -1.703    0.032    -1.064    22.37321268246359   -73.3598165102739    22.37321268246359   -73.3598165102739    0.04956389   17.52692    0.01218268         0.891326108214058     
  1296.0   22.208554   -73.357461   -0.037   0.013     0.063    0.05      22.20849297864853   -73.35733989812513   22.20849297864853   -73.35733989812513   0.05248909   19.26817    0.03047748         0.44048312484888186   
  1301.0   22.170293   -73.356265   -0.439   -1.488    0.029    -1.049    22.170419737786     -73.35625919832421   22.170419737786     -73.35625919832421   0.05248909   18.07043    0.01537567         0.1323393073342323    
  1321.0   22.003461   -73.352285   -0.173   -0.221    0.123    -0.048    22.00356442931911   -73.35227092923235   22.00356442931911   -73.35227092923235   0.06182753   19.24983    0.02901176         0.11808815285664903   
  1331.0   22.179369   -73.352358   0.027    0.16      0.098    0.133     22.17923874544532   -73.35235342386557   22.17923874544532   -73.35235342386557   0.05248909   19.4819     0.03518993         0.13534394493039978   
  1332.0   22.309041   -73.352643   -0.298   0.165     0.072    0.463     22.30930841551143   -73.35269849887239   22.30930841551143   -73.35269849887239   0.05231593   19.83595    0.04178048         0.34055865547134073   
  1353.0   22.43355    -73.350605   -0.249   -0.842    0.03     -0.593    22.43341251189558   -73.35056348356754   22.43341251189558   -73.35056348356754   0.04956389   18.50392    0.01928081         0.2060311586644158    
  1360.0   22.022356   -73.347735   -0.231   -0.014    0.101    0.217     22.02241935971779   -73.34776714095943   22.02241935971779   -73.34776714095943   0.06182753   19.19198    0.02894897         0.13289314417646023   
  1376.0   22.198292   -73.345705   0.054    -0.585    0.098    -0.639    22.19789201190787   -73.34557457340459   22.19789201190787   -73.34557457340459   0.05248909   18.70695    0.0229226          0.6251201867348832    
  1388.0   22.432924   -73.3443     -0.011   0.012     0.035    0.023     22.43334292030819   -73.34386970795312   22.43334292030819   -73.34386970795312   0.04956389   18.50997    0.02458793         1.6082317523678058    
  1393.0   22.224315   -73.343347   -0.319   -1.23     0.058    -0.911    22.22434901665042   -73.34329561762029   22.22434901665042   -73.34329561762029   0.05248909   18.17817    0.01613662         0.1882775677398665    
  1402.0   21.965254   -73.341079   -0.43    -1.906    0.129    -1.476    21.96536652282735   -73.3410798064205    21.96536652282735   -73.3410798064205    0.06680785   17.38652    0.01096668         0.11616269575357924   
  1405.0   22.479743   -73.342722   -0.912   -3.192    -0.025   -2.28     22.47996247287715   -73.34273976596809   22.47996247287715   -73.34273976596809   0.05030357   16.07829    0.00586688         0.23533729360679284   
  1409.0   22.056425   -73.340665   -0.327   -1.294    0.117    -0.967    22.05569917804267   -73.34064055853526   22.05569917804267   -73.34064055853526   0.06182753   17.86018    0.01386437         0.7542353243050567    
  1426.0   22.05291    -73.337049   -0.43    -1.282    0.113    -0.852    22.05304203336134   -73.33712000086852   22.05304203336134   -73.33712000086852   0.06182753   18.0203     0.01564804         0.2896703030997404    
  1428.0   22.225873   -73.337552   -0.04    0.31      0.044    0.35      22.2260832254196    -73.33759928800907   22.2260832254196    -73.33759928800907   0.05248909   19.83668    0.04208117         0.2758089550151726    
  1435.0   22.003798   -73.334698   0.056    0.092     0.397    0.036     22.00384126614391   -73.33467672116858   22.00384126614391   -73.33467672116858   0.06182753   19.31614    0.03010054         0.08867585675256433   
  1436.0   22.175703   -73.334668   -0.578   -2.172    -0.013   -1.594    22.1761884002705    -73.33509107805999   22.1761884002705    -73.33509107805999   0.05953786   16.95785    0.009378382        1.6034037527901455    
  1475.0   22.15231    -73.328753   0.082    0.512     0.06     0.43      22.15247175384644   -73.32870976063359   22.15247175384644   -73.32870976063359   0.05953786   19.9191     0.04536154         0.22833683398743115   
  1476.0   22.106574   -73.328448   -0.128   0.669     0.111    0.797     22.10669364874049   -73.32848326029337   22.10669364874049   -73.32848326029337   0.05953786   20.53351    0.06495468         0.17715220086739009   
  1495.0   22.045398   -73.325873   -0.223   0.039     0.142    0.262     22.04575799720612   -73.32588590893386   22.04575799720612   -73.32588590893386   0.06182753   19.62175    0.03736577         0.37474826767191366   
  1520.0   22.018245   -73.32277    -0.096   0.754     0.183    0.85      22.01786319218063   -73.32267252495414   22.01786319218063   -73.32267252495414   0.06680785   20.35513    0.06091701         0.5279530976575657    
  1531.0   21.981837   -73.321104   -0.261   -1.564    0.105    -1.303    21.98236991713078   -73.3210476227126    21.98236991713078   -73.3210476227126    0.06680785   17.58941    0.01196049         0.586839553373709     
  1538.0   22.059022   -73.319608   0.185    0.362     0.186    0.177     22.05991902369828   -73.31957476258741   22.05991902369828   -73.31957476258741   0.05953786   19.16008    0.02919593         0.9346026043047667    
  1539.0   22.001328   -73.319306   -0.219   0.137     0.16     0.356     22.00126116862132   -73.31929213316567   22.00126116862132   -73.31929213316567   0.06680785   19.59926    0.03687322         0.08521298434289681   
  1541.0   22.118248   -73.319401   0.005    0.703     0.047    0.698     22.11804401433878   -73.3194153332167    22.11804401433878   -73.3194153332167    0.05953786   19.91531    0.05211573         0.21700830819756248   
  1558.0   21.974895   -73.316308   0.195    0.112     0.619    -0.083    21.97476228340348   -73.3163902362247    21.97476228340348   -73.3163902362247    0.06680785   19.4509     0.03395071         0.32628198015715987   
  1562.0   22.124583   -73.317159   0.296    0.974     0.061    0.678     22.12444477351236   -73.3171999437294    22.12444477351236   -73.3171999437294    0.05953786   19.55659    0.046097           0.2052625652038727    
  1591.0   22.063134   -73.312263   -0.448   -0.592    0.08     -0.144    22.06309137035238   -73.31224557240988   22.06309137035238   -73.31224557240988   0.06561608   18.85885    0.02367168         0.07666997777281417   
  1593.0   21.915601   -73.311242   -0.504   -0.233    0.177    0.271     21.91577198823114   -73.31121277357626   21.91577198823114   -73.31121277357626   0.06680785   19.16745    0.02865138         0.20571426514930582   
  1599.0   21.937505   -73.310109   -0.334   -0.596    0.146    -0.262    21.93736368561387   -73.31018097902026   21.93736368561387   -73.31018097902026   0.06680785   18.74117    0.0222078          0.29747541605827077   
  1694.0   21.948386   -73.298695   -0.468   -2.148    0.15     -1.68     21.94842805079451   -73.29862589023662   21.94842805079451   -73.29862589023662   0.06680785   16.96866    0.008946718        0.2525701833061401    
  1698.0   22.584496   -73.300163   0.115    -0.227    0.057    -0.342    22.58453737334086   -73.30018963286732   22.58453737334086   -73.30018963286732   0.05166362   18.82928    0.02356286         0.10499766333528751   
  1711.0   21.950479   -73.295717   -0.677   -2.174    0.102    -1.497    21.95046366236721   -73.29581211357537   21.95046366236721   -73.29581211357537   0.06680785   17.05162    0.009305602        0.3427764766772912    
  1729.0   22.395191   -73.294373   -0.228   -1.15     0.093    -0.922    22.39529072548876   -73.29438062376163   22.39529072548876   -73.29438062376163   0.05222977   18.50056    0.0193932          0.10678672985144294   
  1737.0   22.445615   -73.292959   -0.633   -0.828    0.024    -0.195    22.445806364142     -73.29301065232272   22.445806364142     -73.29301065232272   0.05222977   18.0869     0.01585454         0.27166016268830184   
  1743.0   22.532642   -73.291635   0.54     1.021     0.127    0.481     22.53312385852535   -73.29165397540682   22.53312385852535   -73.29165397540682   0.05327605   20.02455    0.0519075          0.5033805721242043    
  1753.0   22.604112   -73.290595   -0.287   -0.661    0.056    -0.374    22.6033912445125    -73.29072118650157   22.6033912445125    -73.29072118650157   0.05166362   18.83997    0.02557109         0.8734507124016357    
  1767.0   21.994977   -73.286868   -0.351   -0.579    0.186    -0.228    21.99509064324058   -73.2868401472501    21.99509064324058   -73.2868401472501    0.06561608   18.95575    0.02463358         0.15458467370851664   
  1780.0   21.938717   -73.285479   4.118    0.064     0.797    -4.054    21.93861301692185   -73.28551981870349   21.93861301692185   -73.28551981870349   0.07077224   19.82949    0.0415443          0.1821658919372072    
  1796.0   22.473325   -73.284426   -0.388   -0.49     0.036    -0.102    22.47340456904386   -73.28444469701206   22.47340456904386   -73.28444469701206   0.05327605   18.8145     0.0234824          0.10638799363158355   
  1799.0   22.659611   -73.283801   0.019    0.406     0.118    0.387     22.66025474307498   -73.28419793574648   22.66025474307498   -73.28419793574648   0.05312262   19.41602    0.03685157         1.5767904136707105    
  1813.0   22.106742   -73.280971   -0.461   -1.844    0.066    -1.383    22.10692737348392   -73.28093295774676   22.10692737348392   -73.28093295774676   0.06561608   17.40408    0.01118247         0.23582317961746696   
  1825.0   22.037317   -73.278244   -0.49    -1.836    0.081    -1.346    22.03807134380441   -73.27799396222859   22.03807134380441   -73.27799396222859   0.06561608   17.42962    0.0114181          1.1919600566612392    
  1850.0   22.435852   -73.276467   -0.283   0.376     -0.07    0.659     22.43521074498708   -73.27648696257035   22.43521074498708   -73.27648696257035   0.05222977   19.74133    0.04334926         0.6681607291315955    
  1865.0   22.512791   -73.274969   -0.157   -1.649    0.048    -1.492    22.51273774566735   -73.27492736015043   22.51273774566735   -73.27492736015043   0.05327605   17.50355    0.01178254         0.15973406635793236   
  1881.0   22.58147    -73.273412   0.054    0.128     0.072    0.074     22.58159480906117   -73.27339645679088   22.58159480906117   -73.27339645679088   0.05327605   19.48278    0.03544956         0.14090157467796713   
  1900.0   22.049234   -73.268948   -0.144   0.981     0.197    1.125     22.04960699184412   -73.26904309918338   22.04960699184412   -73.26904309918338   0.06561608   20.57427    0.07122692         0.5163654353375013    
  1905.0   22.006961   -73.267514   -0.615   -1.382    0.088    -0.767    22.0072556328775    -73.26744357816254   22.0072556328775    -73.26744357816254   0.07138444   17.89859    0.01420819         0.39689391063333546   
  1922.0   22.343503   -73.26571    -0.361   -4.57     0.202    -4.209    22.3442035944888    -73.26565017595345   22.3442035944888    -73.26565017595345   0.05688152   14.35023    0.002619199        0.7574723198271376    
  1923.0   21.96653    -73.264173   -0.726   -1.273    0.151    -0.547    21.96654733329259   -73.2641008216109    21.96654733329259   -73.2641008216109    0.07138444   18.12621    0.01588456         0.26046274605238867   
  1943.0   22.096684   -73.262898   -0.203   -0.377    0.144    -0.174    22.09621216681921   -73.2630433022043    22.09621216681921   -73.2630433022043    0.06391282   18.76924    0.02310744         0.7161705455254288    
  1952.0   22.529055   -73.263072   -0.432   -0.67     0.098    -0.238    22.52915819680687   -73.26304848363831   22.52915819680687   -73.26304848363831   0.05327605   18.6106     0.02142022         0.1364301726745574    
  1972.0   21.996273   -73.258702   -0.402   -0.423    0.185    -0.021    21.9963415783741    -73.25858429308023   21.9963415783741    -73.25858429308023   0.07138444   19.00398    0.02627038         0.42967088761296707   
  1981.0   22.427644   -73.258707   0.166    0.218     0.126    0.052     22.42796129713956   -73.25854026970175   22.42796129713956   -73.25854026970175   0.05731459   19.28939    0.0327177          0.6844982168255233    
  1986.0   22.147794   -73.257032   2.234    0.442     0.367    -1.792    22.14761132064999   -73.25697647918405   22.14761132064999   -73.25697647918405   0.06391282   20.09464    0.05008582         0.2753957582114433    
  1990.0   22.455444   -73.257816   -0.028   -0.418    0.066    -0.39     22.45528848963288   -73.25793072034168   22.45528848963288   -73.25793072034168   0.05731459   19.08517    0.02817823         0.4433635236667651    
  1991.0   22.005131   -73.256027   -0.234   0.404     0.403    0.638     22.00600618513162   -73.25571132011312   22.00600618513162   -73.25571132011312   0.07138444   19.58834    0.0396517          1.4544534094094992    
  1998.0   22.053684   -73.254721   -0.341   0.668     0.417    1.009     22.05387465338185   -73.25464742633682   22.05387465338185   -73.25464742633682   0.06844459   20.6919     0.07542323         0.33054317318207177   
  2025.0   22.12101    -73.252266   -0.762   -1.306    0.066    -0.544    22.12099718197159   -73.25192436379214   22.12099718197159   -73.25192436379214   0.06391282   17.94536    0.01506122         1.2299622285184746    
  2029.0   22.668909   -73.253385   0.169    -0.913    0.051    -1.082    22.66908214637322   -73.25340563218317   22.66908214637322   -73.25340563218317   0.05464197   18.3234     0.01807336         0.19435767350653957   
  2038.0   22.382575   -73.251319   -0.259   -0.037    0.087    0.222     22.38250356038054   -73.25135878771756   22.38250356038054   -73.25135878771756   0.05731459   19.27929    0.03571196         0.1612739089427539    
  2042.0   22.532573   -73.25142    -0.401   -3.715    0.096    -3.314    22.53302859131775   -73.25138865168161   22.53302859131775   -73.25138865168161   0.05327605   15.42612    0.00438328         0.4859269955545122    
  2047.0   22.462788   -73.250617   -0.178   0.386     0.09     0.564     22.46278024027863   -73.25057013616453   22.46278024027863   -73.25057013616453   0.05731459   20.07478    0.05038497         0.16890177477409143   
  2059.0   22.152962   -73.247171   3.45     -2.448    0.76     -5.898    22.1531101849327    -73.2471323084394    22.1531101849327    -73.2471323084394    0.06391282   17.11723    0.009601869        0.2074759453761983    
  2065.0   22.395616   -73.247606   -0.413   0.138     0.026    0.551     22.39560928765062   -73.24774545814529   22.39560928765062   -73.24774545814529   0.05731459   19.62852    0.04082894         0.502097634513163     
  2078.0   22.06405    -73.24543    1.064    -1.845    0.212    -2.909    22.06414540098941   -73.2454466501792    22.06414540098941   -73.2454466501792    0.06844459   17.49166    0.01148701         0.1157365003510394    
  2096.0   22.186931   -73.242727   -0.633   -1.467    0.075    -0.834    22.18729862401291   -73.24268295186458   22.18729862401291   -73.24268295186458   0.06279341   17.71073    0.01304999         0.4132117613103007    
  2098.0   22.00809    -73.241168   -0.536   0.626     -0.176   1.162     22.00902480281658   -73.24099352573499   22.00902480281658   -73.24099352573499   0.07138444   20.01681    0.05373832         1.155910217414193     
  2105.0   22.471464   -73.242554   0.471    1.026     0.146    0.555     22.47160731013463   -73.24260725361844   22.47160731013463   -73.24260725361844   0.05731459   20.69413    0.07674315         0.24265243082007978   
  2109.0   21.948833   -73.240394   -0.371   -0.356    0.444    0.015     21.94880967837581   -73.24035906461276   21.94880967837581   -73.24035906461276   0.07138444   19.11278    0.02757682         0.12807635931548855   
  2115.0   21.933366   -73.23936    -0.466   -0.637    0.296    -0.171    21.93330049481833   -73.23943499142766   21.93330049481833   -73.23943499142766   0.07138444   18.88419    0.02371889         0.2784023325174356    
  2116.0   21.92172    -73.239557   0.095    0.465     0.305    0.37      21.92174657589187   -73.2395705967817    21.92174657589187   -73.2395705967817    0.07195678   19.6229     0.05059851         0.05618824983892019   
  2130.0   22.127023   -73.238778   0.12     -0.605    0.171    -0.725    22.1271577694732    -73.2387638455884    22.1271577694732    -73.2387638455884    0.06844459   18.82279    0.02336211         0.14890528001751      
  2139.0   22.081171   -73.237532   -0.451   0.275     0.471    0.726     22.08113853846303   -73.23749690301904   22.08113853846303   -73.23749690301904   0.06844459   19.8659     0.04361544         0.13076706404460933   
  2160.0   22.022183   -73.233446   -0.163   0.231     0.322    0.394     22.02238277205647   -73.23346856692815   22.02238277205647   -73.23346856692815   0.06844459   19.46568    0.03426745         0.22280317576296343   
  2171.0   22.465142   -73.234185   -0.128   0.785     0.133    0.913     22.46589805266299   -73.23382396750011   22.46589805266299   -73.23382396750011   0.05731459   20.03806    0.06474145         1.5184547009465794    
  2205.0   22.185889   -73.227751   -0.55    -0.814    0.46     -0.264    22.18600619332579   -73.22766923503664   22.18600619332579   -73.22766923503664   0.06279341   18.41479    0.0191313          0.3185377353580581    
  2229.0   22.494989   -73.225712   0.18     0.921     0.236    0.741     22.49485707760233   -73.22550685896132   22.49485707760233   -73.22550685896132   0.05669683   20.08943    0.05239987         0.7511193002645897    
  2233.0   21.983527   -73.22403    -0.217   -0.357    0.257    -0.14     21.98344751743057   -73.22400700207875   21.98344751743057   -73.22400700207875   0.06844459   19.13754    0.02809305         0.11694172219696898   
  2250.0   22.391933   -73.223411   -0.314   -2.516    0.192    -2.202    22.39205917335699   -73.22346845611624   22.39205917335699   -73.22346845611624   0.05731459   16.74047    0.008189582        0.24489333349399933   
  2251.0   21.969843   -73.221917   -0.272   -0.985    0.159    -0.713    21.97014252184721   -73.22196985930348   21.97014252184721   -73.22196985930348   0.0659986    18.29342    0.01742312         0.36482229364595986   
  2253.0   22.051662   -73.221786   -0.262   -0.328    0.172    -0.066    22.05245364184384   -73.22182795510324   22.05245364184384   -73.22182795510324   0.06844459   19.07816    0.0281918          0.836426298804618     
  2255.0   22.197593   -73.222173   -0.2     0.936     0.061    1.136     22.19781831677146   -73.22230473209272   22.19781831677146   -73.22230473209272   0.06279341   20.50159    0.07774953         0.5288881996500246    
  32.0     22.672076   -73.620089   0.504    -0.7      -0.016   -1.204    22.67173206702767   -73.61982100029199   22.67173206702767   -73.61982100029199   0.06097485   17.84518    0.0144633          1.0260392686203756    
  35.0     22.277417   -73.618025   0.935    0.387     0.17     -0.548    22.27774850698176   -73.61798567675375   22.27774850698176   -73.61798567675375   0.05791001   18.23234    0.01893227         0.36515137476123666   
  41.0     22.05506    -73.608865   0.882    -1.564    0.079    -2.446    22.05507386463575   -73.60840160416545   22.05507386463575   -73.60840160416545   0.05509803   16.90435    0.01243606         1.668284465614939     
  48.0     22.647771   -73.605247   0.71     0.045     -0.02    -0.665    22.64767103384797   -73.60486962378042   22.64767103384797   -73.60486962378042   0.06273899   18.83821    0.0250248          1.362346553015315     
  72.0     22.067782   -73.589135   0.513    0.35      0.161    -0.163    22.0680310586366    -73.58894472515009   22.0680310586366    -73.58894472515009   0.05509803   18.9641     0.02865268         0.7303280463913948    
  78.0     22.041152   -73.586128   0.546    -1.594    0.054    -2.14     22.04126723615558   -73.58579105926556   22.04126723615558   -73.58579105926556   0.05509803   16.98003    0.008931331        1.2186380713457459    
  79.0     22.681701   -73.587987   0.181    -1.342    -0.028   -1.523    22.68179649674294   -73.58762295482165   22.68179649674294   -73.58762295482165   0.06273899   17.26662    0.01229107         1.3141574552181379    
  94.0     21.93962    -73.576273   0.393    0.009     0.045    -0.384    21.93963002577716   -73.57613930091877   21.93963002577716   -73.57613930091877   0.05447395   18.76035    0.02276965         0.4814248620487244    
  109.0    22.005127   -73.57018    0.818    0.848     0.143    0.03      22.00528776848848   -73.5701859801516    22.00528776848848   -73.5701859801516    0.05509803   19.60351    0.03796943         0.1651082853294296    
  220.0    22.089018   -73.541269   0.566    0.827     0.101    0.261     22.08902917627577   -73.54113053345824   22.08902917627577   -73.54113053345824   0.0559761    19.57883    0.03872612         0.49860987819247204   
  233.0    22.065752   -73.538206   0.243    0.63      0.1      0.387     22.06611998887466   -73.53823016681166   22.06611998887466   -73.53823016681166   0.0559761    19.90663    0.04622274         0.38535419634550044   
  313.0    22.076314   -73.519081   0.251    -1.391    0.043    -1.642    22.07645420593468   -73.51898300388125   22.07645420593468   -73.51898300388125   0.0559761    17.36626    0.01074371         0.3807392386390262    
  314.0    21.971879   -73.518671   0.345    -0.572    0.075    -0.917    21.97200480072766   -73.51848780888749   21.97200480072766   -73.51848780888749   0.0559761    18.45635    0.01873175         0.6718874696386524    
  315.0    22.638338   -73.519756   0.276    0.622     -0.002   0.346     22.63833851590066   -73.5196927374818    22.63833851590066   -73.5196927374818    0.06219717   19.65975    0.03900505         0.2277456749404799    
  329.0    22.032075   -73.51539    0.278    -2.601    0.001    -2.879    22.03219989811466   -73.51510869919304   22.03219989811466   -73.51510869919304   0.0559761    15.8758     0.005249515        1.0206886695098896    
  352.0    22.088426   -73.511033   0.048    -1.674    0.02     -1.722    22.08842536891646   -73.51099020900148   22.08842536891646   -73.51099020900148   0.05658505   17.04784    0.009039535        0.15404894428397295   
  367.0    22.629027   -73.509439   0.088    -2.55     0.028    -2.638    22.62906902776287   -73.50912582983548   22.62906902776287   -73.50912582983548   0.06219717   16.49153    0.007090151        1.1282303329335828    
  383.0    21.92395    -73.503933   0.197    -1.598    0.546    -1.795    21.92395027427357   -73.5038313171541    21.92395027427357   -73.5038313171541    0.05794518   17.23567    0.009904956        0.36605835264455683   
  392.0    22.168806   -73.503317   -0.122   -0.75     -0.108   -0.628    22.1699566045413    -73.50356074017488   22.1699566045413    -73.50356074017488   0.05658505   18.08073    0.01597171         1.4674461838606012    
  435.0    21.994893   -73.495241   0.07     -0.65     0.095    -0.72     21.99556920384011   -73.49504648665147   21.99556920384011   -73.49504648665147   0.05794518   18.21474    0.02151183         0.9841943502126905    
  442.0    22.350215   -73.495242   0.579    -3.965    -0.104   -4.544    22.35074773928983   -73.49472729926842   22.35074773928983   -73.49472729926842   0.05710159   14.09645    0.002410247        1.9313720566920018    
  443.0    22.204655   -73.495068   0.438    0.952     0.168    0.514     22.20558702999143   -73.49532578888753   22.20558702999143   -73.49532578888753   0.05623892   20.08158    0.05771136         1.3303770404607247    
  465.0    22.058528   -73.489252   -0.025   0.525     0.098    0.55      22.05880823440499   -73.48919076725669   22.05880823440499   -73.48919076725669   0.05817165   20.00411    0.04743558         0.36165586691783475   
  476.0    22.521363   -73.486909   0.007    0.103     0.087    0.096     22.5219188417171    -73.48674365188712   22.5219188417171    -73.48674365188712   0.05957421   19.32372    0.03532336         0.8232978334400628    
  483.0    21.981631   -73.481853   0.07     -0.335    0.111    -0.405    21.98238351211839   -73.4818365049154    21.98238351211839   -73.4818365049154    0.05794518   18.41983    0.02123413         0.7725186765044738    
  490.0    21.994314   -73.479337   0.329    0.281     0.112    -0.048    21.99419441589591   -73.47940222447022   21.99419441589591   -73.47940222447022   0.05817165   19.11325    0.02767874         0.26480372046304      
  505.0    22.196623   -73.476066   -0.028   -2.182    0.071    -2.154    22.1964987747077    -73.47583447401585   22.1964987747077    -73.47583447401585   0.05623892   16.9225     0.008545072        0.8431429279647041    
  515.0    22.092764   -73.473172   -0.206   -2.118    0.01     -1.912    22.09284032406328   -73.47306088607235   22.09284032406328   -73.47306088607235   0.05817165   16.92983    0.008506274        0.40757494845828895   
  517.0    21.981712   -73.472391   0.036    -0.499    0.082    -0.535    21.98145565031509   -73.47194954531936   21.98145565031509   -73.47194954531936   0.05817165   18.35892    0.01875061         1.6107758483610792    
  520.0    22.009814   -73.471898   -0.261   -1.631    0.062    -1.37     22.0098940894204    -73.47176432808327   22.0098940894204    -73.47176432808327   0.05817165   17.37338    0.01088667         0.48815932397804424   
  537.0    22.302242   -73.468933   -0.089   -1.263    0.04     -1.174    22.30227218177015   -73.468927539485     22.30227218177015   -73.468927539485     0.05471446   17.92353    0.01402447         0.036636459468319976  
  544.0    21.933937   -73.464933   -0.101   -0.396    0.096    -0.295    21.93396672886665   -73.46489234699509   21.93396672886665   -73.46489234699509   0.06419679   18.62665    0.02092195         0.14948688584570477   
  555.0    22.35171    -73.463769   0.105    -0.428    0.011    -0.533    22.35259098879923   -73.463800757241     22.35259098879923   -73.463800757241     0.05471446   18.60783    0.02108392         0.9099044329790237    
  556.0    22.301305   -73.46358    -0.362   -1.016    -0.022   -0.654    22.30139811961822   -73.46359785109362   22.30139811961822   -73.46359785109362   0.05471446   18.17968    0.01608902         0.11503848981061757   
  561.0    21.974982   -73.461741   0.218    -0.814    0.114    -1.032    21.97573462739938   -73.46170771326805   21.97573462739938   -73.46170771326805   0.05817165   18.19751    0.01704472         0.7805168733923036    
  565.0    22.152859   -73.461009   0.432    0.68      0.125    0.248     22.15265117949072   -73.46085503769471   22.15265117949072   -73.46085503769471   0.05715236   19.82478    0.04179973         0.5937741969137352    
  566.0    22.202284   -73.461205   0.197    0.701     0.097    0.504     22.2024267238577    -73.46124566960513   22.2024267238577    -73.46124566960513   0.05623892   19.94087    0.04672986         0.20695087618123406   
  595.0    22.197516   -73.455823   0.294    0.96      0.186    0.666     22.19805158164888   -73.45583161556563   22.19805158164888   -73.45583161556563   0.05623892   20.60679    0.07243434         0.5499087508107022    
  626.0    21.934585   -73.449355   -0.021   -0.336    0.064    -0.315    21.93451873106813   -73.44930321448022   21.93451873106813   -73.44930321448022   0.06319746   18.67144    0.02099396         0.19842836390447105   
  647.0    22.098445   -73.445583   0.161    0.015     0.112    -0.146    22.09856835163591   -73.44554399465508   22.09856835163591   -73.44554399465508   0.05715236   19.14929    0.02742048         0.18901426485402117   
  665.0    21.988217   -73.441199   -0.509   -2.169    0.1      -1.66     21.98852361686637   -73.44113858799825   21.98852361686637   -73.44113858799825   0.06319746   16.73514    0.00785476         0.3824459728689695    
  684.0    22.035406   -73.438781   -0.262   0.17      -0.498   0.432     22.03539266168793   -73.4384554870144    22.03539266168793   -73.4384554870144    0.06319746   19.21111    0.03309814         1.1719266782245836    
  698.0    22.298332   -73.436161   -0.045   0.981     0.13     1.026     22.29808303760742   -73.4366957537387    22.29808303760742   -73.4366957537387    0.05471446   20.60054    0.08342057         1.9419951765179666    
  712.0    22.176925   -73.433429   0.005    0.469     0.123    0.464     22.17703499941236   -73.43347657544594   22.17703499941236   -73.43347657544594   0.05715236   19.94563    0.04406031         0.20514073417161893   
  720.0    22.028197   -73.431558   0.225    0.004     0.096    -0.221    22.0282987174913    -73.4315616753827    22.0282987174913    -73.4315616753827    0.05879169   19.11347    0.02690345         0.10525585182980883   
  734.0    21.724856   -73.428596   0.134    0.1246    0.14     -0.0094   21.72533456081514   -73.42812871755034   21.72533456081514   -73.42812871755034   0.07328229   19.45966    0.03720504         1.7525124410285844    
  876.0    21.900819   -73.410958   -0.676   -3.0564   0.073    -2.3804   21.90200289526163   -73.41089935945833   21.90200289526163   -73.41089935945833   0.06831551   16.49079    0.006994504        1.235007737945745     
  914.0    21.823094   -73.405455   -1.172   -3.0254   0.027    -1.8534   21.82324921753175   -73.40530710086696   21.82324921753175   -73.40530710086696   0.06831551   16.57663    0.007279042        0.5558391979070648    
  959.0    21.89926    -73.401494   3.574    -1.1724   0.754    -4.7464   21.89904511122592   -73.40131489558871   21.89904511122592   -73.40131489558871   0.06831551   18.71175    0.02309593         0.681595641328065     
  1043.0   21.825258   -73.388684   -0.948   -3.9704   0.104    -3.0224   21.82556983046122   -73.38851285329228   21.82556983046122   -73.38851285329228   0.06831551   15.46779    0.004357043        0.6946989803857198    
  1121.0   21.778698   -73.378502   0.017    0.2806    0.2      0.2636    21.77879692774804   -73.37847475280314   21.77879692774804   -73.37847475280314   0.07503843   20.21445    0.0539441          0.141420544024487     
  1148.0   21.797178   -73.374948   -0.309   -0.6224   0.108    -0.3134   21.79721991477737   -73.37489662315166   21.79721991477737   -73.37489662315166   0.07503843   18.96824    0.027672           0.1899283053923912    
  1188.0   21.793013   -73.369528   -0.552   -0.2494   0.078    0.3026    21.79201945054522   -73.36992473197132   21.79201945054522   -73.36992473197132   0.07503843   19.3852     0.03552787         1.7571922890071516    
  1200.0   21.848656   -73.368571   -0.76    -3.3244   0.064    -2.5644   21.84865600717262   -73.36816397318624   21.84865600717262   -73.36816397318624   0.07503843   16.37993    0.006855052        1.4652965295603166    
  1213.0   21.89812    -73.366962   -0.794   -1.8644   0.04     -1.0704   21.89714070086388   -73.36694185629763   21.89714070086388   -73.36694185629763   0.06342588   17.39266    0.01090937         1.0117385267231536    
  1261.0   21.797081   -73.360014   -0.301   0.2276    0.117    0.5286    21.79725438900316   -73.3600321247999    21.79725438900316   -73.3600321247999    0.07503843   20.07758    0.04881934         0.19028118797784804   
  1300.0   21.866017   -73.355485   -0.732   -0.7424   0.04     -0.0104   21.86701736756359   -73.35530566792447   21.86701736756359   -73.35530566792447   0.0691117    19.0241     0.02880663         1.2169115357001792    
  1348.0   21.849848   -73.349284   -0.582   -0.7274   0.127    -0.1454   21.84867103765093   -73.34959794527605   21.84867103765093   -73.34959794527605   0.0691117    19.11259    0.0311857          1.6587063685008065    
  1394.0   21.847216   -73.341512   -0.501   -0.8474   0.108    -0.3464   21.84719961171929   -73.34148195147415   21.84719961171929   -73.34148195147415   0.0691117    19.10135    0.02669293         0.10948883029040732   
  1455.0   21.76852    -73.329604   -0.644   -1.2714   0.068    -0.6274   21.76848843197527   -73.32942214743385   21.76848843197527   -73.32942214743385   0.07229001   17.29651    0.01190642         0.6554804614467185    
  1458.0   21.825232   -73.329426   -0.527   0.2696    0.098    0.7966    21.82535162343162   -73.32938620413996   21.82535162343162   -73.32938620413996   0.0691117    20.27695    0.05758208         0.1891735747516346    
  1540.0   21.900878   -73.31957    -0.388   -0.0444   0.097    0.3436    21.90092555855392   -73.31947468045566   21.90092555855392   -73.31947468045566   0.06680785   19.90899    0.04351699         0.3466514641120845    
  1543.0   21.864999   -73.318215   -0.648   0.0686    0.129    0.7166    21.86526806270969   -73.31823705423706   21.86526806270969   -73.31823705423706   0.0691117    20.55023    0.06615222         0.289162962345918     
  1794.0   21.899751   -73.282856   -0.391   -2.1954   0.08     -1.8044   21.89899115410966   -73.28308556291125   21.89899115410966   -73.28308556291125   0.07077224   17.62489    0.01266666         1.1410934284587824    
  1818.0   21.543591   -73.276604   -0.223   -0.0804   0.116    0.1426    21.54361937622672   -73.27647714593881   21.54361937622672   -73.27647714593881   0.09468357   19.72732    0.04510625         0.4576196968327916    
  1873.0   21.541874   -73.269358   -0.703   -1.1474   0.067    -0.4444   21.54200642317465   -73.26930345810626   21.54200642317465   -73.26930345810626   0.09468357   18.43623    0.01931186         0.23955653417357875   
  1895.0   21.877337   -73.268302   -1.028   -1.0254   0.086    0.0026    21.87738374912239   -73.26822282470646   21.87738374912239   -73.26822282470646   0.07077224   19.26467    0.02936504         0.28911972863001845   
  1930.0   21.515735   -73.260737   -0.636   -0.7764   0.102    -0.1404   21.51587939407663   -73.26065772204689   21.51587939407663   -73.26065772204689   0.09468357   19.20064    0.0288164          0.322286611704059     
  1994.0   21.581931   -73.253211   -0.467   0.1276    0.173    0.5946    21.58207489132348   -73.25323690568877   21.58207489132348   -73.25323690568877   0.08449093   20.1289     0.05076358         0.17600042250269224   
  2006.0   21.554124   -73.250543   -0.26    -1.4254   0.071    -1.1654   21.55505382177081   -73.25059295346529   21.55505382177081   -73.25059295346529   0.08449093   16.88721    0.009327273        0.9812834231467539    
  2090.0   21.512929   -73.240391   -0.951   -0.5764   0.1      0.3746    21.51296831621487   -73.24049644498321   21.51296831621487   -73.24049644498321   0.1041822    19.61874    0.03763538         0.3817896921789529    
  2107.0   21.532714   -73.238132   -0.538   -1.3254   0.08     -0.7874   21.53282821542178   -73.23817337341487   21.53282821542178   -73.23817337341487   0.08449093   18.07955    0.01637825         0.19038323374616647   
  2117.0   21.546619   -73.237154   -1.017   -1.4824   0.05     -0.4654   21.54663384423234   -73.23714405946723   21.54663384423234   -73.23714405946723   0.08449093   18.30418    0.01710021         0.03896377832129498   
  2151.0   21.548613   -73.232646   -1.181   -2.5804   0.039    -1.3994   21.54863224762334   -73.23264640231046   21.54863224762334   -73.23264640231046   0.08449093   17.18575    0.00979697         0.02004203039111797   
  2199.0   21.565458   -73.225011   -0.702   -0.8564   0.074    -0.1544   21.56521917701654   -73.22483880787338   21.56521917701654   -73.22483880787338   0.08511805   19.10496    0.02765892         0.6677121153644278    
  2206.0   21.898334   -73.226172   -0.199   0.0956    0.23     0.2946    21.89834351896237   -73.22609220004672   21.89834351896237   -73.22609220004672   0.07195678   20.02705    0.04947991         0.28745000786283886   
  2225.0   21.530626   -73.221756   -1.027   -1.5584   0.033    -0.5314   21.53074787719006   -73.22175350295795   21.53074787719006   -73.22175350295795   0.08511805   18.23075    0.01663853         0.1269740960423208    
  2242.0   21.510479   -73.220231   0.092    0.2616    0.189    0.1696    21.51127001706153   -73.22058883578977   21.51127001706153   -73.22058883578977   0.08511805   19.82137    0.0440872          1.5281753241883191    
  2273.0   21.575559   -73.215761   -0.48    0.1486    0.114    0.6286    21.57408417325873   -73.21606157588293   21.57408417325873   -73.21606157588293   0.08511805   19.66333    0.04321815         1.8765615909372357    
