187 203 21.941908 -73.549008 0.953 15.446 B0.5(III)e 25.0 5.18 3.2 -6.85 0.25 -5.11 20.8 1100 450 130 25 47.6 14.17
246 225 22.305641 -73.534532 -0.065 16.466 B2(V)e 22.0 3.96 4.2 -7.58 0.05 -2.68 6.6 2400 150 160 25 45.4 12.44
356 223 22.29638 -73.511343 -0.514 15.247 B0.5(IV)e 27.0 4.43 3.6 -7.41 0.05 -3.2 7.5 1100 300 170 8 46.9 3.9
367 282 22.629027 -73.509439 -0.252 15.97 B2.5(IV)e 19.0 3.87 3.8 -8.49 0.06 -2.66 8.0 800 150 170 15 44.9 0.17
505 214 22.196623 -73.476066 -0.368 16.338 B1(V)e 23.0 4.0 4.0 -7.48 0.16 -2.52 6.3 1900 200 170 15 45.8 9.92
749 271 22.57725 -73.429865 -0.536 15.872 B3(IV)e 18.0 3.62 3.8 -8.68 0.07 -2.45 6.7 800 120 170 10 44.6 0.11
1031 249 22.458299 -73.393396 -0.443 14.171 B2(III)e 20.0 4.61 3.2 -7.53 0.1 -4.38 16.9 600 300 170 16 45.9 0.87
1193 283 22.640363 -73.372377 -0.878 14.441 B0.5(III)e 27.0 5.01 3.4 -7.01 0.38 -4.6 14.7 1100 550 140 20 47.7 9.73
1451 183 21.517012 -73.32918 0.003 17.045 B5(V)e 16.0 3.32 4.0 -8.83 0.05 -2.62 6.0 900 160 170 13 44.0 0.1
1702 189 21.57586 -73.295828 -0.374 14.918 B2(III)e 20.0 4.4 3.4 -7.64 0.08 -3.98 13.2 600 120 160 16 45.7 0.68
1727 213 22.19194 -73.294928 -1.428 15.517 B1.5(V)e 24.0 3.81 4.0 -7.66 0.05 -1.97 4.7 1600 400 170 8 45.8 4.61
1744 224 22.301322 -73.29101 -0.455 13.884 B1.5(II)e 20.0 4.68 3.0 -7.52 0.05 -4.47 18.3 400 160 170 12 46.0 0.4
1783 136 21.259117 -73.280404 -0.05 15.743 B1(IV)e 23.0 4.31 3.8 -7.3 0.05 -3.22 9.0 1700 120 170 19 46.2 12.03
1955 117 21.203694 -73.255716 0.244 16.689 B5(IV)e 16.0 3.82 3.4 -8.45 0.08 -2.76 10.6 600 180 170 10 44.8 0.1
1973 171 21.41739 -73.255041 -0.787 16.411 B1(V)e 25.0 4.13 3.8 -7.51 0.22 -2.64 6.2 1400 510 160 9 46.3 4.97
2031 157 21.360468 -73.247396 0.371 17.923 B2.5(V)e 17.0 4.03 3.8 -8.31 0.08 -3.75 12.0 1000 150 160 33 45.0 0.4
2042 262 22.532573 -73.25142 -0.741 14.805 B2(III)e 20.0 4.28 3.2 -7.78 0.1 -3.57 11.5 500 180 140 8 45.6 0.34
2099 177 21.462356 -73.238387 -0.54 16.516 B5(V)e 17.0 3.45 3.8 -8.75 0.05 -1.8 6.1 700 110 150 9 44.4 0.07
2158 179 21.48195 -73.230405 -0.777 15.613 B2.5(IV)e 19.0 4.07 3.4 -8.34 0.1 -2.96 10.0 600 250 170 9 45.2 0.14
