1 20.521458 -73.218556 B0.7V 27.0 3.83 4.4 -7.63 0.03 -1.79 3.8 2300 90 170 13 46.1 10.16
2 20.529708 -73.233361 B0.2V 29.0 4.21 4.4 -7.42 0.02 -3.00 5.1 2600 80 160 23 46.7 21.21
3 20.54225 -73.281333 B2.5V 19.0 3.52 4.0 -8.75 0.03 -2.22 5.3 900 130 150 10 44.5 0.12
4 20.560708 -73.140333 B2III 19.0 4.27 3.4 -8.19 0.03 -3.84 12.6 600 130 160 15 45.4 0.19
5 20.60625 -73.121917 B2V 20.0 3.56 4.2 -8.26 0.05 -1.88 5.0 1100 100 170 15 44.6 0.55
6 20.6075 q-73.199278 B1.5IV 23.0 3.87 4.0 -7.57 0.03 -3.03 5.4 1700 70 170 11 45.6 6.34
7 20.619125 -73.294472 B2V 22.0 3.76 4.2 -7.73 0.05 -2.20 5.2 2200 70 170 16 45.2 7.40
8 20.63225 -73.320222 B2V 20.0 3.66 4.2 -8.18 0.05 -1.96 5.6 1100 130 120 18 44.7 0.66
9 20.683708 -73.195111 B2(IV)e 22.0 4.01 3.8 -7.48 0.09 -2.75 7.0 1500 250 170 11 45.6 6.15
10 20.699083 -73.157222 B7V 14.0 3.12 3.8 -8.86 0.05 -1.96 6.2 800 80 170 9 43.7 0.07
11 20.705042 -73.230472 B2V 20.0 3.66 4.2 -8.18 0.05 -2.02 5.6 1100 100 170 18 44.7 0.66
12 20.707792 -73.255667 B8V 14.0 3.22 3.8 -8.79 0.05 -2.07 6.9 800 100 170 11 43.8 0.09
13 20.71175 -73.268667 B1.5IV 22.0 4.08 3.6 -7.47 0.03 -3.03 7.6 1200 140 155 8 45.7 3.98
14 20.726542 -73.228556 B2.5V 19.0 3.52 4.0 -8.75 0.05 -2.21 5.3 900 200 170 10 44.5 0.12
15 20.734792 -73.238056 B2.5IV 20.0 3.63 3.6 -8.17 0.10 -2.16 5.5 500 140 160 4 44.9 0.14
16 20.738625 -73.366917 B1.5V 22.0 4.11 3.8 -7.41 0.05 -3.10 7.8 1600 150 200 14 45.7 8.31
17 20.750958 -73.274194 B5V 16.0 3.52 4.0 -8.68 0.05 -2.30 7.5 1000 130 140 21 44.2 0.17
18 20.755458 -73.191639 B1.5(IV)e 24.0 4.44 3.8 -7.24 0.09 -3.46 9.6 1800 320 170 21 46.4 15.38
19 20.763833 -73.160111 B5V 16.0 3.32 4.0 -8.83 0.02 -2.35 6.0 900 150 120 13 44.0 0.10
20 20.766375 -73.082472 B5V 16.0 3.12 4.0 -8.98 0.05 -1.86 4.7 800 140 160 8 43.8 0.06
21 20.7985 -73.264278 B5V 16.0 3.32 4.0 -8.83 0.03 -1.82 6.0 900 200 190 13 44.0 0.10
22 20.807917 -73.402639 B0.5V 27.0 4.54 4.0 -7.22 0.04 -3.83 8.5 2100 80 170 27 46.9 21.67
23 20.80975 -73.149361 B9III 11.0 3.02 3.5 -8.62 0.03 -2.21 8.9 600 110 180 9 43.0 0.07
24 20.811333 -73.233389 B7V 14.0 3.42 3.8 -8.64 0.05 -1.86 8.7 900 100 160 18 44.0 0.15
25 20.821208 -73.159889 B3V 18.0 3.32 3.8 -8.90 0.05 -1.98 4.7 600 180 170 5 44.3 0.04
26 20.823792 -73.332306 B5V 17.0 3.45 3.8 -8.75 0.04 -1.93 6.1 700 160 190 9 44.4 0.07
27 20.827917 -73.248333 B2.5V 19.0 3.52 4.2 -8.75 0.05 -1.92 5.3 1100 140 170 16 44.4 0.18
28 20.842833 -73.388639 B5V 17.0 3.65 3.8 -8.60 0.05 -2.72 7.7 800 220 160 14 44.6 0.13
29 20.847708 -73.237528 B0.7V 26.0 4.02 4.4 -7.46 0.03 -2.63 5.1 2700 230 170 23 46.2 20.90
30 20.8535416667 -73.2716388889 B1V 26.0 3.70 4.4 -7.70 0.02 -1.98 3.5 2200 70 170 11 45.9 7.99
31 20.854792 -73.366917 O9V 32.0 4.93 4.0 -7.09 0.02 -4.33 9.5 2000 340 160 33 48.1 26.52
32 20.864208 -73.356139 B0.7(III)e 25.0 4.72 3.6 -7.12 0.22 -4.18 12.2 1500 280 170 22 46.9 14.12
33 20.874 -73.396722 B3V 17.0 3.65 3.8 -8.60 0.05 -2.13 7.7 800 50 160 14 44.6 0.13
34 20.893625 -73.158861 B3(V)e 18.0 3.52 3.8 -8.75 0.08 -1.96 5.9 700 200 170 8 44.5 0.07
35 20.899125 -73.176583 B1.5V 22.0 3.76 4.2 -7.73 0.05 -2.61 5.2 2200 180 170 16 45.2 7.40
36 20.899792 -73.401583 B0.5(III)e 26.0 5.23 3.2 -6.84 0.19 -5.12 20.4 1000 300 160 24 47.8 11.87
37 20.913292 -73.198667 B0.7V 26.0 4.14 4.2 -7.43 0.05 -3.10 5.8 2200 330 170 20 46.3 14.87
38 20.920083 -73.395667 B0.2V 28.0 4.37 4.2 -7.33 0.02 -3.00 6.5 2300 80 150 25 46.8 20.51
39 20.9325 -73.204556 B0.5V 27.0 4.29 4.2 -7.35 0.02 -3.00 6.4 2300 230 170 24 46.6 19.47
40 20.934333 -73.20825 B0.7V 25.0 4.29 4.0 -7.34 0.05 -3.60 7.5 2000 130 170 20 46.4 15.12
41 20.939917 -73.216139 B2.5V 19.0 3.22 4.2 -8.98 0.03 -1.45 3.8 900 160 170 8 44.1 0.07
42 20.945958 -73.182139 B2IV 20.0 4.03 3.8 -8.37 0.05 -3.10 8.6 900 80 170 17 45.1 0.28
43 20.946 -73.115972 B2(V)e 20.0 4.01 3.8 -8.93 0.11 -3.28 8.4 900 180 170 16 45.7 0.08
44 20.949625 -73.226389 B0V 30.0 4.51 4.2 -7.29 0.03 -3.56 6.7 2300 130 160 26 47.2 22.23
45 20.953083 -73.1635 B2Ib 20.0 4.42 2.8 -7.93 0.45 -3.53 13.5 300 50 170 4 45.7 0.09
46 20.965542 -73.21325 B0V 30.0 4.30 4.4 -7.39 0.02 -3.21 5.2 2600 250 170 25 46.9 22.99
47 20.974042 -73.317417 B2V 22.0 3.86 4.2 -7.66 0.03 -2.73 5.9 2300 70 140 20 45.3 9.62
48 20.98625 -73.197889 B2V 22.0 3.96 4.2 -7.58 0.05 -3.00 6.6 2400 130 160 25 45.4 12.44
49 20.986458 -73.270056 B3(IV)e 17.0 3.75 3.4 -8.52 0.23 -2.60 8.7 500 150 170 7 44.7 0.06
50 20.987125 -73.289056 B9Ib 10.0 3.72 2.8 -7.97 0.03 -3.62 24.2 500 80 200 13 43.3 0.22
51 20.9885 -73.398111 B1.5(V)e 22.0 4.21 3.8 -7.33 0.08 -2.97 8.8 1700 250 170 18 45.8 11.15
52 20.99775 -73.1635 B0.5V 28.0 4.03 4.4 -7.52 0.05 -2.59 4.4 2500 150 170 18 46.4 15.65
53 20.997792 -73.180972 B2V 19.0 3.52 4.0 -8.75 0.02 -2.02 5.3 900 80 170 10 44.5 0.12
54 21.007375 -73.152111 B1.5V 23.0 3.66 4.4 -8.36 0.05 -1.95 4.3 2500 220 160 17 45.1 2.23
55 21.007708 -73.299333 B1.5IV 22.0 4.18 3.6 -7.40 0.02 -3.58 8.5 1300 270 100 10 45.8 5.55
56 21.009458 -73.16325 B0.5V 28.0 3.81 4.4 -7.68 0.09 -2.04 3.4 2200 100 150 11 46.2 8.29
57 21.010167 -73.157083 B5V 16.0 3.22 4.0 -8.90 0.03 -2.09 5.3 900 120 160 10 44.0 0.08
58 21.010833 -73.407556 B2.5V 19.0 3.32 4.2 -8.90 0.05 -2.15 4.2 1000 140 160 10 44.2 0.10
59 21.013583 -73.202222 B0V 29.0 4.42 4.2 -7.33 0.05 -3.29 6.4 2300 200 170 24 47.0 20.51
60 21.017042 -73.240667 B0.2V 28.0 3.93 4.4 -7.59 0.05 -2.57 3.9 2300 120 170 14 46.3 11.14
61 21.019958 -73.152028 B1.5V 23.0 4.07 4.0 -7.43 0.02 -4.09 6.8 1900 80 160 17 45.8 11.19
62 21.020375 -73.154167 B0V 29.0 4.46 4.2 -7.30 0.05 -3.68 6.7 2300 140 170 26 47.0 21.98
63 21.0255 -73.238528 B0.5V 27.0 4.03 4.4 -7.48 0.05 -2.58 4.7 2600 100 160 21 46.3 18.34
64 21.029333 -73.257861 O9V 33.0 5.05 4.0 -7.03 0.05 -4.55 10.3 2000 50 120 39 48.3 30.62
65 21.029875 -73.230083 B0.2V 29.0 4.11 4.4 -7.49 0.03 -2.65 4.5 2500 120 170 19 46.6 16.50
66 21.031667 -73.242083 B2V 19.0 3.92 4.2 -8.45 0.09 -2.47 8.4 1400 250 170 41 44.8 0.57
67 21.032042 -73.250222 B0V 31.0 4.60 4.2 -7.25 0.05 -3.94 6.9 2300 70 150 28 47.5 24.38
68 21.042042 -73.417361 B2V 20.0 3.56 4.2 -8.26 0.05 -2.04 5.0 1100 130 160 15 44.6 0.55
69 21.044875 -73.369389 B0.5(II)e 26.0 5.05 3.2 -6.98 0.05 -4.95 16.6 900 100 160 16 47.6 7.05
70 21.045333 -73.155722 B0V 30.0 4.56 4.2 -7.26 0.05 -3.37 7.1 2300 170 160 29 47.3 24.24
71 21.046875 -73.288944 B1.5IV 22.0 3.61 3.8 -7.78 0.05 -2.01 4.4 1200 250 160 4 45.2 1.97
72 21.04775 -73.198583 B2(II)e 18.0 4.20 3.0 -8.24 0.05 -3.86 13.0 400 150 170 6 45.2 0.08
73 21.04825 -73.241222 B0(IV)e 30.0 5.02 3.8 -7.02 0.08 -4.61 12.0 1700 270 160 33 48.0 22.88
74 21.049125 -73.193333 B2V 19.0 3.52 4.2 -8.75 0.02 -2.18 5.3 1100 160 170 16 44.4 0.18
75 21.058875 -73.372472 B1.5V 22.0 3.86 4.2 -7.66 0.05 -2.20 5.9 2300 250 170 20 45.3 9.62
76 21.065208 -73.167083 B0.7V 26.0 3.96 4.2 -7.56 0.03 -2.67 4.7 2000 160 150 13 46.1 9.01
77 21.072083 -73.321361 B1.5IV 22.0 4.27 3.8 -7.28 0.02 -3.77 9.4 1800 160 150 20 45.9 13.87
78 21.085875 -73.169417 B2V 20.0 3.56 4.2 -8.26 0.03 -2.18 5.0 1100 140 160 15 44.6 0.55
79 21.090875 -73.182278 B2.5V 19.0 3.52 4.2 -8.75 0.05 -2.21 5.3 1100 120 160 16 44.4 0.18
80 21.092458 -73.162028 B2.5V 19.0 3.52 4.0 -8.75 0.07 -2.28 5.3 900 160 160 10 44.5 0.12
81 21.092542 -73.144861 B1.5V 23.0 3.96 4.4 -8.14 0.05 -1.88 6.0 3000 180 190 33 45.4 5.38
82 21.093125 -73.383306 B2IV 20.0 3.83 3.6 -8.02 0.08 -2.71 6.9 600 120 160 7 45.1 0.28
83 21.101083 -73.194444 B1.5V 23.0 3.76 4.4 -8.29 0.05 -1.98 4.8 2600 170 160 21 45.2 2.86
84 21.1035 -73.223722 B1.5V 23.0 3.76 4.4 -8.29 0.05 -2.22 4.8 2600 250 170 21 45.2 2.86
85 21.105042 -73.173583 B0.7V 26.0 4.19 4.2 -7.39 0.03 -3.26 6.2 2300 70 170 22 46.3 17.72
86 21.108458 -73.278694 B9III 10.0 3.35 3.4 -8.25 0.03 -2.94 15.8 800 80 170 23 43.0 0.30
87 21.111083 -73.196667 B2V 22.0 3.66 4.2 -7.81 0.03 -2.39 4.7 2000 120 180 13 45.1 5.15
88 21.111542 -73.145639 B0.5V 26.0 3.72 4.4 -7.68 0.05 -2.22 3.6 2200 220 170 12 45.9 8.27
89 21.116667 -73.170278 O9.5V 31.0 4.84 4.0 -7.13 0.02 -5.05 9.1 2000 120 160 31 47.8 24.24
90 21.116708 -73.237556 O9.7V 31.0 4.90 4.0 -7.09 0.02 -4.60 9.8 2100 70 200 35 47.9 29.65
91 21.117333 -73.244139 B0.7(IV)e 25.0 4.35 3.8 -7.35 0.09 -3.22 8.0 1600 150 170 15 46.5 9.50
92 21.121667 -73.095889 B0.5V 28.0 3.83 4.4 -7.67 0.05 -2.38 3.5 2200 90 160 11 46.2 8.58
93 21.128292 -73.221694 B2.5V 19.0 3.42 4.2 -8.83 0.08 -1.95 4.7 1000 140 130 13 44.3 0.12
94 21.129667 -73.376722 B1.5V 23.0 4.06 4.4 -8.06 0.05 -3.11 6.8 3100 80 160 42 45.5 6.83
95 21.132458 -73.173556 B1.5V 23.0 3.76 4.4 -8.29 0.05 -2.16 4.8 2600 220 160 21 45.2 2.86
96 21.132458 -73.36375 B1.5V 22.0 4.30 4.0 -8.70 0.08 -3.70 9.8 2300 250 170 35 46.5 0.86
97 21.133333 -73.177111 B1.5V 23.0 3.56 4.4 -8.44 0.05 -1.62 3.8 2300 170 170 13 45.0 1.58
98 21.139458 -73.246778 B0.5V 26.0 4.08 4.2 -7.47 0.02 -2.88 5.4 2100 130 150 17 46.2 12.22
99 21.143417 -73.1525 B1IV 24.0 4.69 3.6 -7.10 0.05 -4.84 12.8 1600 120 170 24 46.7 16.66
100 21.144 -73.158194 B2.5V 19.0 3.42 4.2 -8.83 0.02 -2.24 4.7 1000 180 160 13 44.3 0.12
101 21.146333 -73.1725 B2.5V 20.0 3.56 4.2 -8.26 0.05 -2.30 5.0 1100 200 170 15 44.6 0.55
102 21.1485 -73.28625 B3V 17.0 3.35 3.8 -8.82 0.02 -1.78 5.5 700 200 150 7 44.3 0.06
103 21.149958 -73.160528 B2.5V 19.0 3.42 4.2 -8.83 0.05 -2.02 4.7 1000 150 140 13 44.3 0.12
104 21.150333 -73.41775 B5V 16.0 3.02 4.0 -9.05 0.05 -1.75 4.2 800 250 160 7 43.8 0.05
105 21.151917 -73.211194 B2.5V 20.0 3.76 4.2 -8.11 0.02 -2.36 6.3 1200 130 160 23 44.8 0.93
106 21.153667 -73.156056 B1.5V 23.0 3.86 4.4 -8.22 0.02 -2.13 5.4 2800 180 160 27 45.3 3.94
107 21.158125 -73.23225 B0V 31.0 4.62 4.2 -7.24 0.05 -3.63 7.1 2300 60 160 29 47.5 25.23
108 21.159125 -73.218917 B2.5V 20.0 3.46 4.2 -8.33 0.04 -1.96 4.5 1000 140 170 12 44.5 0.38
109 21.159458 -73.328167 B2.5V 19.0 3.62 4.2 -8.68 0.05 -1.66 6.0 1200 120 110 21 44.5 0.25
110 21.162417 -73.080639 B2.5(III)e 18.0 3.90 3.2 -8.47 0.07 -3.36 9.2 400 220 160 5 45.0 0.05
111 21.178125 -73.151167 O8.5V 35.0 4.73 4.4 -7.20 0.05 -3.74 6.3 2700 220 240 37 48.1 37.60
112 21.178167 -73.225667 B3V 19.0 3.62 4.2 -8.68 0.05 -2.05 6.0 1200 100 160 21 44.5 0.25
113 21.187167 -73.187944 B7V 13.0 2.72 3.8 -9.07 0.03 -1.08 4.5 600 100 110 5 43.2 0.03
114 21.189458 -73.141861 B2.5V 19.0 3.52 4.0 -8.75 0.03 -2.23 5.3 900 200 170 10 44.5 0.12
115 21.191208 -73.398333 B1.5V 22.0 3.46 4.2 -7.96 0.05 -1.97 3.7 1800 120 160 8 44.9 2.95
116 21.191333 -73.309472 B2.5V 19.0 3.52 4.2 -8.75 0.03 -2.04 5.3 1100 80 160 16 44.4 0.18
117 21.203625 -73.25575 B5(IV)e 16.0 3.82 3.4 -8.45 0.08 -2.76 10.6 600 180 170 10 44.8 0.10
118 21.204083 -73.173806 B2.5V 19.0 3.67 4.0 -8.14 0.05 -2.51 6.3 1000 170 150 15 44.9 0.59
119 21.2102916667 -73.2444166667 B0V 32.0 4.63 4.0 -7.32 0.05 -3.30 6.7 1700 250 160 17 47.8 11.41
120 21.210375 -73.318389 B0.2V 29.0 4.44 4.2 -7.31 0.05 -2.82 6.6 2300 30 170 25 47.0 21.23
121 21.213417 -73.100111 O9.7V 32.0 4.71 4.2 -7.20 0.05 -3.89 7.4 2300 50 170 32 47.8 27.35
122 21.213958 -73.209639 B2V 20.0 3.46 4.2 -8.33 0.05 -1.94 4.5 1000 80 160 12 44.5 0.38
123 21.216458 -73.3385 B2IV 20.0 3.93 3.6 -7.95 0.05 -2.98 7.7 600 100 170 9 45.2 0.33
124 21.217917 -73.395139 B2.5(V)e 19.0 4.07 3.8 -8.34 0.08 -2.86 10.0 900 200 180 23 45.1 0.30
125 21.21925 -73.322556 B0.5V 27.0 4.24 4.2 -7.39 0.05 -2.72 6.0 2300 220 160 21 46.5 17.86
126 21.222333 -73.308083 B5V 16.0 3.42 3.8 -8.75 0.05 -1.73 6.7 800 100 160 10 44.3 0.09
127 21.2265 -73.398583 B2.5V 20.0 3.83 3.8 -8.52 0.05 -2.79 6.9 800 280 160 11 44.9 0.16
128 21.227042 -73.153167 O9V 34.0 4.72 4.2 -6.84 0.05 -3.19 6.6 2100 410 170 25 48.0 53.21
129 21.230042 -73.429111 B3V 18.0 3.62 3.8 -8.68 0.05 -2.62 6.7 800 70 180 10 44.6 0.11
130 21.233 -73.169889 B2.5V 19.0 3.52 4.2 -8.75 0.02 -2.13 5.3 1100 160 160 16 44.4 0.18
131 21.236583 -73.327889 B1.5V 22.0 3.46 4.2 -7.96 0.05 -1.46 3.7 1800 100 170 8 44.9 2.95
132 21.237125 -73.23675 B2V 22.0 3.86 4.2 -7.66 0.05 -2.44 5.9 2300 150 170 20 45.3 9.62
133 21.240583 -73.184722 B2V 22.0 3.86 4.2 -7.66 0.05 -1.88 5.9 2300 120 160 20 45.3 9.62
134 21.248542 -73.193917 B2.5V 20.0 3.56 4.2 -8.26 0.05 -1.79 5.0 1100 200 160 15 44.6 0.55
135 21.255083 -73.414583 B2IV 20.0 3.93 3.8 -8.45 0.05 -3.12 7.7 800 170 160 14 45.0 0.19
136 21.25825 -73.280417 B1(IV)e 23.0 4.31 3.8 -7.30 0.05 -3.22 9.0 1700 120 170 19 46.2 12.03
137 21.265208 -73.283639 B1.5IV 21.0 4.26 3.6 -7.30 0.05 -3.58 10.2 1500 180 170 15 45.7 9.37
138 21.272833 -73.147361 B1.5V 22.0 3.76 4.2 -7.73 0.05 -2.10 5.2 2200 270 140 16 45.2 7.40
139 21.276375 -73.144667 B2.5(V)e 20.0 3.73 3.8 -8.60 0.08 -2.34 6.1 700 150 170 9 44.8 0.10
140 21.2812916667 -73.4006944444 B2V 20.0 3.64 4.2 -8.20 0.05 -1.98 5.5 1100 80 160 18 44.7 0.63
141 21.284958 -73.414528 B1.5V 22.0 3.96 4.2 -7.58 0.05 -3.03 6.6 2400 200 170 25 45.4 12.44
142 21.290667 -73.366861 B2V 21.0 3.86 4.0 -8.10 0.05 -2.45 6.4 1900 130 170 15 45.1 2.38
143 21.292625 -73.275889 O8V 35.0 5.19 4.0 -7.28 0.03 -4.75 10.7 2000 60 150 42 48.6 17.52
144 21.301208 -73.226278 B2.5V 20.0 3.36 4.2 -8.41 0.05 -1.42 4.0 1000 200 140 9 44.4 0.32
145 21.304042 -73.258667 B2V 22.0 3.86 4.2 -7.66 0.05 -2.66 5.9 2300 250 150 20 45.3 9.62
146 21.309125 -73.321694 B2.5V 20.0 3.66 4.2 -8.18 0.05 -2.01 5.6 1100 120 170 18 44.7 0.66
147 21.3107916667 -73.3977777778 B1V 26.0 3.90 4.4 -7.55 0.05 -2.30 4.4 2500 100 170 18 46.1 14.57
148 21.317833 -73.349667 B2V 21.0 3.86 4.0 -8.10 0.10 -2.84 6.4 1900 200 170 15 45.1 2.38
149 21.321042 -73.256889 B0.5V 27.0 4.03 4.4 -7.48 0.05 -2.27 4.7 2600 100 160 21 46.3 18.34
150 21.32625 -73.228528 B3V 18.0 3.61 3.8 -8.32 0.05 -2.12 6.6 800 140 170 10 44.5 0.25
151 21.339292 -73.282917 B1.5V 22.0 3.76 4.2 -7.73 0.02 -2.26 5.2 2200 200 170 16 45.2 7.40
152 21.34125 -73.361528 B2.5V 19.0 3.52 4.2 -8.75 0.02 -2.38 5.3 1100 160 170 16 44.4 0.18
153 21.346792 -73.277333 B2.5IV 20.0 4.23 3.8 -8.22 0.02 -4.07 10.9 1000 250 150 27 45.3 0.49
154 21.349625 -73.425222 B2V 22.0 3.96 4.2 -7.58 0.05 -2.81 6.6 2400 150 160 25 45.4 12.44
155 21.352292 -73.254944 B0.5V 27.0 4.06 4.2 -7.52 0.05 -2.65 4.9 2000 100 150 14 46.3 9.90
156 21.352958 -73.280528 B0.2V 29.0 4.21 4.4 -7.42 0.03 -2.86 5.1 2600 160 170 23 46.7 21.21
157 21.361958 -73.247306 B2.5(V)e 17.0 4.03 3.8 -8.31 0.08 -3.75 12.0 1000 150 160 33 45.0 0.40
158 21.364458 -73.135361 B0.7(III)e 26.0 4.82 3.4 -7.12 0.11 -4.23 12.7 1100 250 150 15 47.2 7.57
159 21.365208 -73.385472 B0.7V 26.0 3.76 4.2 -7.71 0.05 -1.88 3.7 1800 110 140 8 45.9 5.16
160 21.376292 -73.389 B1IV 25.0 4.29 4.0 -7.34 0.03 -3.52 7.5 2000 220 150 20 46.4 15.12
161 21.387292 -73.231194 B5IV 16.0 3.85 3.8 -8.43 0.02 -2.99 11.0 1000 140 130 28 44.7 0.31
162 21.390375 -73.121139 B1V 25.0 3.62 4.4 -7.72 0.05 -2.05 3.5 2200 250 150 11 45.6 7.61
163 21.393458 -73.233667 B2.5V 19.0 3.12 4.2 -9.05 0.05 -0.91 3.4 900 80 150 7 44.0 0.06
164 21.397917 -73.271 B1V 25.0 4.09 4.0 -7.49 0.05 -2.88 5.9 1800 230 170 13 46.2 8.67
165 21.402667 -73.330417 B5V 16.0 3.32 4.0 -8.83 0.05 -2.34 6.0 900 120 130 13 44.0 0.10
166 21.408292 -73.37775 O8IV 33.0 5.25 3.8 -6.93 0.02 -5.07 12.9 1700 140 150 39 48.6 28.11
167 21.409292 -73.127667 B0.7(II)e 24.0 5.00 3.2 -6.95 0.05 -5.14 18.3 1100 120 150 19 47.2 11.20
168 21.411542 -73.118861 B1.5V 23.0 3.96 4.4 -8.14 0.05 -3.01 6.0 3000 190 160 33 45.4 5.38
169 21.413292 -73.160778 B1IV 24.0 4.34 3.8 -7.32 0.05 -3.37 8.6 1700 120 170 17 46.3 11.55
170 21.415417 -73.153194 B0.7V 27.0 4.16 4.2 -7.45 0.05 -3.04 5.5 2200 200 170 18 46.5 14.24
171 21.418583 -73.255 B1(V)e 25.0 4.13 3.8 -7.51 0.22 -2.64 6.2 1400 510 160 9 46.3 4.97
172 21.425042 -73.26025 B0V 30.0 4.23 4.2 -7.50 0.09 -2.62 4.8 1900 80 170 14 47.0 9.35
173 21.425417 -73.229167 B2.5V 19.0 3.62 4.2 -8.68 0.05 -1.82 6.0 1200 250 150 21 44.5 0.25
174 21.435083 -73.2425 B2.5V 19.0 3.62 4.2 -8.68 0.03 -2.55 6.0 1200 280 150 21 44.5 0.25
175 21.449125 -73.144167 B9Ib 10.0 3.32 3.0 -8.27 0.03 -3.08 15.3 500 120 150 9 42.9 0.11
176 21.45925 -73.315278 B7V 14.0 3.12 3.8 -8.86 0.03 -2.07 6.2 800 220 170 9 43.7 0.07
177 21.463458 -73.238444 B5(V)e 17.0 3.45 3.8 -8.75 0.05 -1.80 6.1 700 110 150 9 44.4 0.07
178 21.481583 -73.293389 B2V 22.0 3.56 4.2 -7.88 0.05 -1.45 4.2 1900 120 160 10 45.0 3.91
179 21.482833 -73.230361 B2.5(IV)e 19.0 4.07 3.4 -8.34 0.10 -2.96 10.0 600 250 170 9 45.2 0.14
180 21.494292 -73.347194 B2V 21.0 4.30 4.0 -7.77 0.00 -3.88 10.7 2400 140 160 42 45.6 8.13
181 21.51125 -73.382583 B2V 22.0 3.66 4.2 -7.81 0.05 -1.81 4.7 2000 130 170 13 45.1 5.15
182 21.51575 -73.149472 B1V 26.0 3.72 4.4 -7.68 0.07 -2.05 3.6 2200 70 160 12 45.9 8.27
183 21.51775 -73.329028 B5(V)e 16.0 3.32 4.0 -8.83 0.05 -2.62 6.0 900 160 170 13 44.0 0.10
184 21.523 -73.31825 B2.5V 20.0 3.73 3.8 -8.60 0.05 -2.55 6.1 700 180 170 9 44.8 0.10
185 21.525458 -73.121833 B0.7V 27.0 4.06 4.2 -7.52 0.05 -2.46 4.9 2000 80 170 14 46.3 9.90
186 21.527167 -73.323722 B0.7V 27.0 3.93 4.4 -7.56 0.05 -2.64 4.2 2400 220 170 16 46.2 13.15
187 21.559458 -73.309639 B0.5IV 28.0 4.49 4.0 -7.30 0.03 -3.79 7.5 1900 140 170 20 47.0 14.89
188 21.568958 -73.270944 B5V 17.0 3.55 3.8 -8.67 0.02 -2.19 6.9 800 160 160 11 44.5 0.11
189 21.576375 -73.295694 B2(III)e 20.0 4.40 3.4 -7.64 0.08 -3.98 13.2 600 120 160 16 45.7 0.68
190 21.601708 -73.293417 B0.7IV 25.0 4.86 3.6 -7.01 0.05 -4.84 14.4 1600 70 200 30 47.1 20.45
191 21.610292 -73.292306 B0.5V 28.0 4.13 4.4 -7.44 0.05 -2.72 4.9 2600 110 160 22 46.5 20.11
192 21.617583 -73.190583 B1.5IV 23.0 4.11 4.0 -7.39 0.05 -3.05 7.2 2000 170 160 19 45.9 13.29
193 21.620667 -73.205972 B0.7V 27.0 3.93 4.4 -7.56 0.05 -2.90 4.2 2400 80 160 16 46.2 13.15
194 21.633167 -73.224 B5V 16.0 3.27 4.0 -8.86 0.02 -2.04 5.6 900 120 170 12 44.0 0.09
195 21.647 -73.254556 O9.7IV 32.0 4.85 4.0 -7.16 0.05 -4.51 8.7 1900 30 170 28 48.0 20.85
196 21.690333 -73.265389 B3IV 18.0 3.62 3.8 -8.68 0.03 -2.67 6.7 800 110 170 10 44.6 0.11
197 21.707292 -73.215333 B1.5IV 21.0 3.66 3.6 -7.75 0.05 -2.03 5.1 1000 100 170 4 45.1 1.48
198 21.7370833333 -73.5150555556 B1V 25.0 4.37 4.0 -7.28 0.02 -3.46 8.2 2100 150 170 24 46.4 19.14
199 21.750083 -73.244722 B1V 25.0 4.03 4.2 -7.48 0.05 -2.89 5.5 2200 100 160 18 46.0 13.28
200 21.775958 -73.301111 B2V 22.0 3.76 4.2 -7.73 0.05 -2.53 5.2 2200 130 140 16 45.2 7.40
201 21.795958 -73.30625 B0.7V 27.0 4.03 4.4 -7.48 0.03 -2.82 4.7 2600 220 150 21 46.3 18.34
202 21.9034166667 -73.5633027778 B1V 26.0 4.24 4.2 -7.35 0.05 -3.16 6.5 2300 80 170 25 46.4 19.32
203 21.941375 -73.5490055556 B0.5(III)e 25.0 5.18 3.2 -6.85 0.25 -5.11 20.8 1100 450 130 25 47.6 14.17
204 21.9874166667 -73.6361277778 B1V 26.0 3.95 4.4 -7.51 0.02 -2.54 4.7 2500 80 170 20 46.1 15.88
205 21.988375 -73.441108 B2.5V 19.0 3.62 4.0 -8.68 0.03 -2.08 6.0 900 360 170 13 44.6 0.14
206 22.032417 -73.515008 B3IV 18.0 3.72 3.8 -8.60 0.03 -2.87 7.5 800 80 170 13 44.7 0.13
207 22.04975 -73.506539 B3IV 19.0 3.97 3.4 -8.42 0.05 -3.11 8.9 500 140 170 7 45.1 0.08
208 22.0542083333 -73.6085444444 B2.5V 20.0 3.84 4.2 -8.05 0.05 -2.46 6.9 1300 75 170 28 44.9 1.25
209 22.060333 -73.554683 B1.5V 23.0 3.76 4.4 -8.29 0.05 -2.08 4.8 2600 80 150 21 45.2 2.86
210 22.1428333333 -73.5460972222 B0.5III 28.0 4.52 3.6 -7.37 0.18 -3.41 7.8 1100 320 145 9 47.2 4.23
211 22.173292 -73.559731 B5V 17.0 3.85 3.8 -8.45 0.18 -2.39 9.7 900 150 170 22 44.8 0.24
212 22.189625 -73.409742 B2.5V 20.0 3.66 4.2 -8.18 0.05 -2.13 5.6 1100 150 150 18 44.7 0.66
213 22.19225 -73.294933 B1.5(V)e 24.0 3.81 4.0 -7.66 0.05 -1.97 4.7 1600 400 170 8 45.8 4.61
214 22.19675 -73.4759083333 B1(V)e 23.0 4.00 4.0 -7.48 0.16 -2.52 6.3 1900 200 170 15 45.8 9.92
215 22.198417 -73.3064 O9.7IV 33.0 4.77 4.2 -7.28 0.05 -3.83 7.4 2300 40 170 32 47.9 23.17
216 22.207417 -73.381936 B0.7IV 27.0 4.38 4.0 -8.95 0.07 -3.37 7.1 1900 110 170 18 46.8 0.33
217 22.235583 -73.386661 B1IV 25.0 4.39 4.0 -7.26 0.05 -3.46 8.4 2100 110 160 26 46.5 19.81
218 22.23725 -73.401928 B3V 17.0 3.55 3.8 -8.67 0.05 -2.44 6.9 800 130 160 11 44.5 0.11
219 22.267208 -73.377064 B9Ia 10.0 4.02 2.6 -7.75 0.05 -4.95 34.2 400 40 170 17 43.5 0.24
220 22.27875 -73.287578 B1.5V 24.0 3.94 4.2 -7.50 0.05 -2.41 5.4 2200 70 160 17 45.8 12.51
221 22.2904583333 -73.2503861111 B2.5V 19.0 3.60 4.2 -8.69 0.05 -2.11 5.8 1200 50 170 20 44.4 0.24
222 22.294833 -73.504828 B0.5V 28.0 4.03 4.4 -7.52 0.05 -2.79 4.4 2500 80 170 18 46.4 15.65
223 22.296208 -73.511025 B0.5(IV)e 27.0 4.43 3.6 -7.41 0.05 -3.20 7.5 1100 300 170 8 46.9 3.90
224 22.302417 -73.290767 B1.5(II)e 20.0 4.68 3.0 -7.52 0.05 -4.47 18.3 400 160 170 12 46.0 0.40
225 22.305625 -73.534356 B2(V)e 22.0 3.96 4.2 -7.58 0.05 -2.68 6.6 2400 150 160 25 45.4 12.44
226 22.3134583333 -73.2346222222 B1(IV)e 25.0 4.37 3.8 -7.33 0.27 -2.92 8.2 1600 270 170 15 46.5 9.83
227 22.338125 -73.551694 B2V 20.0 3.96 4.2 -7.96 0.05 -2.57 8.0 1400 200 170 37 45.0 1.78
228 22.347333 -73.578567 B2.5V 19.0 3.62 4.2 -8.68 0.05 -2.20 6.0 1200 100 170 21 44.5 0.25
229 22.349292 -73.329328 B1.5V 23.0 3.77 4.0 -7.65 0.02 -2.28 4.8 1600 140 160 9 45.5 4.73
230 22.350375 -73.494928 B1IV 25.0 4.59 4.0 -7.11 0.05 -4.55 10.5 2400 180 170 41 46.7 36.55
231 22.352333 -73.554564 O3V((f*))z 46.0 5.61 4.1 -7.54 0.08 -5.14 10.1 1800 100 170 47 49.4 7.67
232 22.364875 -73.533775 B0.5V 27.0 4.03 4.4 -7.48 0.05 -2.47 4.7 2600 110 170 21 46.3 18.34
233 22.365625 -73.5499166667 B1.5(IV)e 23.0 4.37 3.8 -7.25 0.15 -3.81 9.7 1800 120 170 22 46.2 14.96
234 22.367708 -73.435 B3IV 18.0 3.62 3.8 -8.68 0.05 -2.60 6.7 800 100 170 10 44.6 0.11
235 22.3677916667 -73.5326861111 B2(IV)e 21.0 4.34 3.6 -7.24 0.15 -3.72 11.2 1500 120 170 18 45.8 10.76
236 22.375292 -73.557622 B2.5V 19.0 3.72 4.2 -8.60 0.05 -2.37 6.7 1200 200 170 26 44.6 0.30
237 22.3762916667 -73.5609083333 B0.7V 27.0 4.26 4.2 -7.37 0.05 -3.26 6.2 2300 200 170 22 46.5 18.49
238 22.379333 -73.562036 O8.5V 34.0 4.88 4.2 -7.13 0.05 -4.59 8.0 2300 140 170 37 48.2 32.25
239 22.380625 -73.5618416667 O9V 34.0 4.73 4.2 -7.24 0.05 -3.37 6.7 2100 75 170 26 48.0 20.75
240 22.3872083333 -73.5697777778 B2V 22.0 4.04 4.2 -7.52 0.05 -3.37 7.2 2500 90 170 30 45.5 15.50
241 22.3887083333 -73.5624194444 O7V 37.0 5.10 4.2 -7.04 0.09 -4.77 8.7 2300 150 170 43 48.6 40.08
242 22.397875 -73.5581611111 B1.5V 23.0 3.69 4.4 -8.34 0.05 -1.78 4.4 2500 85 170 18 45.2 2.34
243 22.397917 -73.558575 B2.5V 19.0 3.82 4.0 -8.53 0.05 -3.38 7.5 1000 110 160 21 44.8 0.24
244 22.403667 -73.569606 B2V 21.0 3.86 4.0 -8.10 0.05 -2.35 6.4 1900 100 170 15 45.1 2.38
245 22.42925 -73.580575 B1.5(IV)e 22.0 3.84 3.8 -7.61 0.10 -2.33 5.7 1400 300 160 8 45.5 3.99
246 22.43925 -73.431517 B1V 25.0 4.25 4.2 -7.31 0.03 -3.36 7.1 2500 180 180 29 46.2 25.08
247 22.441958 -73.419681 B5V 16.0 3.42 3.8 -8.75 0.05 -2.18 6.7 800 90 160 10 44.3 0.09
248 22.452667 -73.559853 B0.2V 30.0 4.20 4.4 -7.46 0.05 -2.54 4.7 2500 120 170 20 46.8 17.88
249 22.458833 -73.393142 B2(III)e 20.0 4.61 3.2 -7.53 0.10 -4.38 16.9 600 300 170 16 45.9 0.87
250 22.462 -73.485925 B2V 22.0 3.81 3.8 -7.63 0.05 -2.21 5.5 1400 120 170 7 45.4 3.79
251 22.462833 -73.4164 B1.5V 23.0 3.76 4.4 -8.29 0.05 -1.68 4.8 2600 80 170 21 45.2 2.86
252 22.463208 -73.377597 B9Ia 10.0 3.92 2.6 -7.82 0.05 -4.36 30.5 400 100 170 13 43.4 0.20
253 22.4693333333 -73.4219833333 B1.5V 23.0 3.92 4.4 -8.17 0.05 -1.93 5.8 2900 130 170 30 45.4 4.69
254 22.472375 -73.588392 B1.5V 21.0 4.06 4.0 -7.95 0.05 -3.38 8.1 2100 120 170 24 45.3 4.11
255 22.488958 -73.324414 B2V 20.0 3.56 4.2 -8.26 0.05 -2.19 5.0 1100 80 140 15 44.6 0.55
256 22.492292 -73.371314 B1.5V 23.0 3.86 4.4 -8.22 0.05 -2.38 5.4 2800 80 170 27 45.3 3.94
257 22.504292 -73.402286 B0.5V 27.0 4.46 4.2 -7.22 0.05 -3.96 7.8 2600 100 170 35 46.8 33.38
258 22.5065416667 -73.4006083333 B0.5(III)e 25.0 4.69 3.4 -7.18 0.12 -4.78 11.8 1100 300 150 13 47.0 6.55
259 22.507125 -73.422864 B0.7V 27.0 4.03 4.4 -7.48 0.05 -2.48 4.7 2600 110 175 21 46.3 18.34
260 22.510125 -73.552217 B0.5V 27.0 4.26 4.2 -7.37 0.05 -2.87 6.2 2300 160 160 22 46.5 18.49
261 22.515333 -73.440167 B0.7V 26.0 3.82 4.4 -7.61 0.05 -2.29 4.0 2400 80 170 15 46.0 11.69
262 22.533083 -73.251328 B2(III)e 20.0 4.28 3.2 -7.78 0.10 -3.57 11.5 500 180 140 8 45.6 0.34
263 22.548625 -73.403031 B0.2V 29.0 4.44 4.2 -7.31 0.05 -3.45 6.6 2300 80 170 25 47.0 21.23
264 22.554542 -73.594572 B2.5III 17.0 3.95 3.2 -8.37 0.05 -3.32 10.9 500 80 170 7 45.0 0.09
265 22.555375 -73.429317 B0.5IV 27.0 4.75 3.8 -7.12 0.08 -4.35 10.9 1800 120 180 27 47.2 20.14
266 22.5591666667 -73.4262611111 B1V 25.0 4.35 4.0 -7.29 0.02 -3.63 8.0 2100 150 160 23 46.4 18.49
267 22.5669166667 -73.3684333333 B2V 20.0 3.64 4.2 -8.20 0.05 -2.18 5.5 1100 80 170 18 44.7 0.63
268 22.567 -73.3572694444 B2V 20.0 3.64 4.2 -8.20 0.05 -2.05 5.5 1100 80 170 18 44.7 0.63
269 22.569208 -73.347561 O8Vz 35.0 4.64 4.2 -7.34 0.05 -3.46 5.7 2000 160 120 19 48.0 15.23
270 22.571458 -73.446061 B0.7V 26.0 3.76 4.2 -7.71 0.05 -2.09 3.7 1800 70 170 8 45.9 5.16
271 22.577042 -73.429733 B3(IV)e 18.0 3.62 3.8 -8.68 0.07 -2.45 6.7 800 120 170 10 44.6 0.11
272 22.581667 -73.3839 B2.5IV 19.0 3.67 3.8 -8.64 0.05 -2.38 6.3 700 90 170 9 44.7 0.09
273 22.597083 -73.4403 B1.5V 23.0 3.66 4.4 -8.36 0.05 -1.94 4.3 2500 200 170 17 45.1 2.23
274 22.603125 -73.538586 B0.5V 28.0 4.03 4.4 -7.52 0.05 -2.62 4.4 2500 120 160 18 46.4 15.65
275 22.604708 -73.463744 B0.7V 26.0 4.06 4.2 -7.49 0.05 -2.83 5.3 2100 210 170 16 46.2 11.80
276 22.60875 -73.425892 B0.5V 26.0 4.14 4.2 -7.43 0.05 -2.83 5.8 2200 100 170 20 46.3 14.87
277 22.610375 -73.6603722222 B1IV 25.0 4.40 3.6 -7.36 0.05 -3.23 8.5 1200 200 170 10 46.6 5.20
278 22.614375 -73.433778 B1IV 26.0 4.73 3.6 -7.15 0.05 -4.22 11.5 1400 300 170 19 47.1 11.50
279 22.621083 -73.327653 B2V 22.0 3.96 4.2 -7.58 0.05 -2.58 6.6 2400 220 180 25 45.4 12.44
280 22.624875 -73.4391388889 B1V 26.0 3.94 4.2 -7.58 0.05 -2.12 4.6 2000 50 170 12 46.1 8.70
281 22.627 -73.431239 B0.2V 29.0 4.11 4.4 -7.49 0.05 -2.76 4.5 2500 70 170 19 46.6 16.50
282 22.62875 -73.509333 B2.5(IV)e 19.0 3.87 3.8 -8.49 0.06 -2.66 8.0 800 150 170 15 44.9 0.17
283 22.6408333333 -73.3721916667 B0.5(III)e 27.0 5.01 3.4 -7.01 0.38 -4.60 14.7 1100 560 140 20 47.7 9.73
284 22.654875 -73.420669 B1.5IV 20.0 4.33 3.8 -9.09 0.02 -3.77 12.2 1000 140 170 34 45.9 0.07
285 22.666542 -73.325708 B1.5V 23.0 3.76 4.4 -8.29 0.05 -2.12 4.8 2600 100 170 21 45.2 2.86
286 22.669875 -73.360042 B7IV 16.0 3.72 3.8 -8.53 0.08 -3.10 9.5 900 120 170 21 44.6 0.20
287 22.6795 -73.417817 O6V((f))z 37.0 4.75 4.2 -8.64 0.05 -3.62 5.8 1900 40 160 19 48.3 0.69
288 22.709292 -73.382958 O8.5III 32.0 5.40 3.6 -7.93 0.06 -5.73 16.4 1300 100 170 39 48.7 1.66
289 22.716625 -73.537558 B1.5(IV)e 23.0 3.96 3.8 -7.56 0.20 -2.57 6.0 1400 300 160 8 45.8 4.46
290 22.727875 -73.451983 B1V 24.0 3.54 4.2 -7.80 0.05 -1.99 3.4 1700 150 170 7 45.4 3.74
291 22.7460416667 -73.4153472222 B1V 26.0 3.84 4.2 -7.65 0.02 -2.63 4.1 1900 300 170 10 46.0 6.61
292 22.747625 -73.419914 O7V((f))z 37.0 5.15 4.2 -8.34 0.05 -4.76 9.2 2400 55 170 49 48.7 2.18
293 22.7585 -73.591744 B2V 19.0 3.52 4.2 -8.75 0.05 -2.06 5.3 1100 150 170 16 44.4 0.18
294 22.768083 -73.408225 B1V 24.0 3.94 4.2 -7.50 0.05 -2.52 5.4 2200 180 170 17 45.8 12.51
295 22.769917 -73.415786 B2V 21.0 3.86 4.0 -8.10 0.05 -2.73 6.4 1900 100 170 15 45.1 2.38
296 22.77175 -73.442961 B5V 19.0 3.42 4.2 -8.83 0.05 -2.12 4.7 1000 100 170 13 44.3 0.12
297 22.777 -73.265336 B1.5V 23.0 3.76 4.4 -8.29 0.05 -2.36 4.8 2600 170 170 21 45.2 2.86
298 22.778208 -73.412917 O9.5V 32.0 4.77 4.2 -8.72 0.08 -3.79 7.9 2400 180 170 36 47.8 0.92
299 22.778583 -73.433769 B1.5V 23.0 3.76 4.4 -8.29 0.09 -2.47 4.8 2600 200 170 21 45.2 2.86
300 22.785 -73.471639 B1.5V 22.0 3.86 4.2 -7.66 0.05 -2.79 5.9 2300 80 160 20 45.3 9.62
301 22.7851666667 -73.4113666667 B1.5V 23.0 3.99 4.4 -8.12 0.01 -2.56 6.2 3000 230 170 36 45.5 5.67
302 22.7852916667 -73.4160444444 B0V 31.0 4.57 4.2 -7.28 0.02 -3.66 6.7 2200 80 170 26 47.5 21.18
303 22.791625 -73.41805 B1.5V 23.0 3.86 4.4 -8.22 0.05 -2.61 5.4 2800 230 180 27 45.3 3.94
304 22.796625 -73.4170805556 B0.5V 27.0 4.29 4.2 -7.35 0.05 -3.43 6.4 2300 120 150 24 46.6 19.47
305 22.80825 -73.406858 B1.5V 23.0 3.66 4.4 -8.36 0.05 -2.12 4.3 2500 150 170 17 45.1 2.23
306 22.808792 -73.410603 B0V 31.0 4.49 4.4 -7.27 0.05 -3.28 6.1 2800 150 170 34 47.3 34.50
307 22.8137916667 -73.4164416667 B0.5V 28.0 3.81 4.4 -7.68 0.05 -2.13 3.4 2200 150 170 11 46.2 8.29
308 22.834042 -73.33135 B5V 17.0 3.15 3.8 -8.97 0.06 -1.85 4.3 600 100 160 4 44.1 0.03
309 22.855042 -73.498622 B2.5V 20.0 3.56 4.2 -8.26 0.05 -2.11 5.0 1100 180 170 15 44.6 0.55
310 22.866542 -73.370617 O7.5In(f)p 30.0 5.27 3.2 -6.57 0.06 -5.31 16.0 600 300 170 15 48.8 7.95
311 22.8679166667 -73.4178138889 B1V 26.0 3.80 4.4 -7.62 0.05 -2.17 3.9 2300 80 170 14 46.0 10.37
312 22.875083 -73.360547 O9IV 33.0 4.72 4.0 -7.50 0.05 -3.62 7.0 1700 40 170 18 48.0 7.54
313 22.888125 -73.407439 B2.5V 20.0 3.76 4.2 -8.11 0.05 -2.05 6.3 1200 160 170 23 44.8 0.93
314 22.927208 -73.584561 B2V 19.0 3.52 4.0 -8.75 0.05 -2.37 5.3 900 180 170 10 44.5 0.12
315 22.978875 -73.456525 O9.7(III)e 31.0 5.16 3.6 -6.98 0.22 -4.77 13.2 1300 440 170 25 48.4 14.62
316 22.988708 -73.552478 B2(V)e 19.0 3.62 4.0 -8.68 0.09 -2.42 6.0 900 100 170 13 44.6 0.14
317 22.9901666667 -73.2716722222 B0V 31.0 4.25 4.2 -7.52 0.05 -2.48 4.6 1900 75 170 12 47.2 9.09
318 22.992833 -73.401447 B2V 19.0 3.42 4.2 -8.83 0.05 -1.75 4.7 1000 150 170 13 44.3 0.12
319 23.0135 -73.6177 B1.5V 22.0 3.94 4.2 -7.60 0.15 -2.19 6.4 2400 40 170 24 45.4 12.02
320 23.032208 -73.515939 B2V 20.0 3.66 4.2 -8.18 0.05 -1.97 5.6 1100 100 220 18 44.7 0.66
