2.234207200000000171e+01 -7.321279800000000648e+01 -1.052999999999999936e+00 -2.956199999999999939e+00
2.208306699999999978e+01 -7.319798299999999358e+01 -7.970000000000000417e-01 -2.316199999999999815e+00
2.197173099999999835e+01 -7.319279199999999719e+01 -8.259999999999999565e-01 -2.031200000000000117e+00
2.232340500000000105e+01 -7.318843400000000088e+01 -1.038999999999999924e+00 -2.995200000000000085e+00
2.206578500000000176e+01 -7.318053100000000200e+01 -1.205000000000000071e+00 -2.031200000000000117e+00
2.193205800000000139e+01 -7.317918799999999635e+01 -1.205999999999999961e+00 -2.675199999999999800e+00
2.205995700000000070e+01 -7.317624200000000201e+01 -1.143000000000000016e+00 -2.180200000000000138e+00
2.205043799999999976e+01 -7.316880100000000198e+01 -1.116000000000000103e+00 -2.043200000000000127e+00
2.232737699999999847e+01 -7.316497099999999421e+01 -8.179999999999999494e-01 -2.699199999999999822e+00
2.228407699999999991e+01 -7.312873100000000193e+01 -1.225999999999999979e+00 -2.255199999999999871e+00
2.230328000000000088e+01 -7.310590200000000038e+01 -7.800000000000000266e-01 -2.346200000000000063e+00
2.212355300000000113e+01 -7.309846199999999783e+01 -4.959999999999999964e-01 -2.241200000000000081e+00
2.206120699999999957e+01 -7.309066900000000544e+01 -9.979999999999999982e-01 -2.297200000000000131e+00
2.218299299999999974e+01 -7.309020200000000500e+01 -5.620000000000000551e-01 -2.060200000000000031e+00
2.209935899999999975e+01 -7.307553500000000213e+01 -1.413999999999999924e+00 -2.874200000000000088e+00
2.222134900000000002e+01 -7.304537799999999947e+01 -7.630000000000000115e-01 -2.444199999999999928e+00
2.257724999999999937e+01 -7.342986500000000660e+01 -1.960000000000000075e-01 -2.648000000000000131e+00
2.244221999999999895e+01 -7.341975100000000509e+01 -3.400000000000000244e-02 -2.220000000000000195e+00
2.247341600000000028e+01 -7.341740900000000636e+01 -4.470000000000000084e-01 -2.799999999999999822e+00
2.218966299999999947e+01 -7.340984899999999413e+01 -4.440000000000000058e-01 -2.462000000000000188e+00
2.243195400000000106e+01 -7.340088900000000649e+01 -6.879999999999999449e-01 -2.100000000000000089e+00
2.244004899999999836e+01 -7.340058799999999906e+01 -7.980000000000000426e-01 -2.112000000000000099e+00
2.214366300000000010e+01 -7.339751400000000103e+01 -4.299999999999999933e-01 -2.024000000000000021e+00
2.258142600000000044e+01 -7.338394900000000121e+01 -3.870000000000000107e-01 -2.900999999999999801e+00
2.228022400000000047e+01 -7.338176099999999735e+01 -4.839999999999999858e-01 -2.277000000000000135e+00
2.215522599999999898e+01 -7.337234399999999823e+01 -1.072999999999999954e+00 -2.544999999999999929e+00
2.266966599999999943e+01 -7.336012100000000657e+01 -2.000000000000000042e-03 -2.954000000000000181e+00
2.256687000000000154e+01 -7.335732400000000553e+01 -7.209999999999999742e-01 -2.710999999999999854e+00
2.264367700000000028e+01 -7.335417200000000548e+01 -8.249999999999999556e-01 -2.354999999999999982e+00
2.194156999999999869e+01 -7.334824299999999653e+01 -6.750000000000000444e-01 -2.161999999999999922e+00
2.254746300000000048e+01 -7.334350600000000497e+01 -7.409999999999999920e-01 -2.431999999999999940e+00
2.217570299999999861e+01 -7.333466799999999353e+01 -5.779999999999999583e-01 -2.172000000000000153e+00
2.224860899999999830e+01 -7.333051100000000133e+01 -9.709999999999999742e-01 -2.483000000000000096e+00
2.266637499999999861e+01 -7.332574999999999932e+01 -7.650000000000000133e-01 -2.612999999999999989e+00
2.248873899999999892e+01 -7.332447299999999757e+01 -7.479999999999999982e-01 -2.940999999999999837e+00
2.243778800000000118e+01 -7.332446299999999439e+01 -1.125999999999999890e+00 -2.847999999999999865e+00
2.225500900000000115e+01 -7.332267199999999718e+01 -9.469999999999999529e-01 -2.843999999999999861e+00
2.242615299999999934e+01 -7.331176999999999566e+01 -4.199999999999999845e-01 -2.236000000000000210e+00
2.240057200000000037e+01 -7.331191699999999400e+01 -5.480000000000000426e-01 -2.818000000000000060e+00
2.194838599999999929e+01 -7.329869499999999505e+01 -4.680000000000000271e-01 -2.148000000000000131e+00
2.228797700000000148e+01 -7.329938799999999333e+01 -9.360000000000000542e-01 -2.990000000000000213e+00
2.195047900000000141e+01 -7.329571699999999623e+01 -6.770000000000000462e-01 -2.173999999999999932e+00
2.223875699999999966e+01 -7.327798799999999346e+01 -6.840000000000000524e-01 -2.282999999999999918e+00
2.227461100000000016e+01 -7.325649599999999850e+01 -9.250000000000000444e-01 -2.677000000000000046e+00
2.229022900000000007e+01 -7.325038700000000347e+01 -1.197999999999999954e+00 -2.333000000000000185e+00
2.231306400000000068e+01 -7.323389899999999386e+01 -6.189999999999999947e-01 -2.758000000000000007e+00
2.228220800000000068e+01 -7.323253699999999355e+01 -4.119999999999999774e-01 -2.347999999999999865e+00
2.240541699999999992e+01 -7.322810800000000597e+01 -8.299999999999999600e-01 -2.544999999999999929e+00
2.239193300000000164e+01 -7.322341099999999869e+01 -3.140000000000000013e-01 -2.516000000000000014e+00
2.228739799999999960e+01 -7.321615699999999549e+01 -4.139999999999999791e-01 -2.318999999999999950e+00
2.214254499999999837e+01 -7.354641499999999610e+01 2.839999999999999747e-01 -2.754000000000000004e+00
2.263348200000000077e+01 -7.353817800000000204e+01 -4.699999999999999734e-01 -2.395000000000000018e+00
2.230564100000000138e+01 -7.353453199999999867e+01 2.750000000000000222e-01 -2.053999999999999826e+00
2.260589999999999833e+01 -7.353336199999999678e+01 -5.440000000000000391e-01 -2.266999999999999904e+00
2.203207499999999897e+01 -7.351538999999999646e+01 2.780000000000000249e-01 -2.600999999999999979e+00
2.247579999999999956e+01 -7.351463300000000345e+01 -2.039999999999999869e-01 -2.500000000000000000e+00
2.262902700000000067e+01 -7.350943900000000042e+01 8.799999999999999489e-02 -2.549999999999999822e+00
2.204943799999999854e+01 -7.350679800000000341e+01 4.759999999999999787e-01 -2.601999999999999869e+00
2.246196499999999929e+01 -7.348611999999999966e+01 -4.899999999999999911e-01 -2.821000000000000174e+00
2.219662299999999888e+01 -7.347606600000000299e+01 -2.800000000000000058e-02 -2.181999999999999940e+00
2.209276399999999896e+01 -7.347317200000000526e+01 -2.059999999999999887e-01 -2.117999999999999883e+00
2.267120299999999844e+01 -7.346208500000000186e+01 -4.030000000000000249e-01 -2.228000000000000203e+00
2.243278099999999853e+01 -7.345360399999999856e+01 -7.309999999999999831e-01 -2.573999999999999844e+00
2.253212100000000007e+01 -7.345215500000000475e+01 -7.750000000000000222e-01 -2.290000000000000036e+00
2.237582700000000102e+01 -7.345181200000000388e+01 -4.759999999999999787e-01 -2.271999999999999797e+00
2.253653299999999859e+01 -7.344783499999999776e+01 -4.030000000000000249e-01 -2.019000000000000128e+00
2.198821699999999879e+01 -7.344119899999999745e+01 -5.090000000000000080e-01 -2.169000000000000039e+00
2.251558299999999946e+01 -7.344024100000000033e+01 -7.730000000000000204e-01 -2.952999999999999847e+00
2.259719899999999981e+01 -7.344035900000000083e+01 -6.730000000000000426e-01 -2.613999999999999879e+00
2.262497499999999917e+01 -7.343928599999999562e+01 -7.489999999999999991e-01 -2.963000000000000078e+00
2.267174800000000090e+01 -7.343758699999999351e+01 -7.990000000000000435e-01 -2.540000000000000036e+00
2.134968100000000035e+01 -7.342523500000000070e+01 -4.410000000000000031e-01 -2.973399999999999821e+00
2.132489599999999896e+01 -7.342493000000000336e+01 -9.100000000000000311e-01 -2.620400000000000063e+00
2.146108999999999867e+01 -7.341324899999999332e+01 -4.079999999999999738e-01 -2.710399999999999920e+00
2.161763799999999947e+01 -7.341193099999999561e+01 -6.159999999999999920e-01 -2.040399999999999991e+00
2.140922600000000031e+01 -7.341029799999999739e+01 -4.139999999999999791e-01 -2.092400000000000038e+00
2.137509899999999874e+01 -7.340756899999999519e+01 -7.799999999999999989e-02 -2.205400000000000027e+00
2.128175299999999837e+01 -7.340065400000000295e+01 -5.260000000000000231e-01 -2.408399999999999874e+00
2.146178700000000106e+01 -7.339865899999999499e+01 -4.319999999999999951e-01 -2.600400000000000045e+00
2.134827599999999848e+01 -7.339102099999999496e+01 -7.399999999999999634e-02 -2.404399999999999871e+00
2.146626799999999946e+01 -7.338686300000000529e+01 -5.380000000000000338e-01 -2.446400000000000130e+00
2.136599500000000162e+01 -7.338547400000000209e+01 -4.450000000000000067e-01 -2.569399999999999906e+00
2.151068400000000125e+01 -7.338278699999999333e+01 -6.969999999999999529e-01 -2.747399999999999842e+00
2.135508499999999898e+01 -7.338066000000000599e+01 -4.839999999999999858e-01 -2.000399999999999956e+00
2.129350300000000118e+01 -7.337744299999999953e+01 -4.610000000000000209e-01 -2.111400000000000166e+00
2.150320899999999824e+01 -7.337228000000000350e+01 -8.739999999999999991e-01 -2.122399999999999842e+00
2.129144799999999904e+01 -7.336680400000000191e+01 2.500000000000000139e-02 -2.482400000000000162e+00
2.162001300000000015e+01 -7.336604599999999721e+01 -9.090000000000000302e-01 -2.258399999999999963e+00
2.134166700000000105e+01 -7.336152699999999527e+01 -4.650000000000000244e-01 -2.507400000000000073e+00
2.174675600000000131e+01 -7.335535500000000297e+01 -7.409999999999999920e-01 -2.042400000000000215e+00
2.131831400000000087e+01 -7.334966699999999662e+01 1.000000000000000056e-01 -2.589399999999999924e+00
2.121688500000000133e+01 -7.333838500000000238e+01 3.599999999999999728e-02 -2.963400000000000034e+00
2.175848799999999983e+01 -7.333752599999999688e+01 -1.082999999999999963e+00 -2.015400000000000080e+00
2.123755799999999994e+01 -7.332796999999999343e+01 -6.550000000000000266e-01 -2.350400000000000045e+00
2.151701200000000114e+01 -7.332917999999999381e+01 -6.900000000000000577e-02 -2.121399999999999952e+00
2.130884100000000103e+01 -7.332156799999999919e+01 -2.630000000000000115e-01 -2.224400000000000155e+00
2.170533000000000001e+01 -7.332246399999999653e+01 -8.790000000000000036e-01 -2.689400000000000013e+00
2.152237399999999923e+01 -7.331843800000000044e+01 -4.460000000000000075e-01 -2.994400000000000173e+00
2.145842299999999980e+01 -7.331541300000000660e+01 -3.430000000000000271e-01 -2.223399999999999821e+00
2.165704900000000066e+01 -7.331490999999999758e+01 -8.659999999999999920e-01 -2.385400000000000187e+00
2.163790399999999892e+01 -7.330778999999999712e+01 -1.131000000000000005e+00 -2.908399999999999874e+00
2.161468599999999896e+01 -7.330440900000000681e+01 -9.799999999999999822e-01 -2.800399999999999778e+00
2.148075599999999952e+01 -7.329347400000000334e+01 -1.012000000000000011e+00 -2.698399999999999910e+00
2.155207100000000153e+01 -7.329222599999999943e+01 -6.700000000000000400e-01 -2.148400000000000087e+00
2.152689700000000173e+01 -7.329217099999999618e+01 -9.659999999999999698e-01 -2.100400000000000045e+00
2.154244500000000073e+01 -7.328570499999999299e+01 -8.709999999999999964e-01 -2.035400000000000098e+00
2.150072400000000172e+01 -7.328390400000000682e+01 -1.006999999999999895e+00 -2.038400000000000212e+00
2.189975099999999841e+01 -7.328285599999999533e+01 -3.910000000000000142e-01 -2.195399999999999796e+00
2.133308900000000108e+01 -7.327357200000000148e+01 -9.110000000000000320e-01 -2.097399999999999931e+00
2.156829000000000107e+01 -7.327097399999999539e+01 -5.949999999999999734e-01 -2.630399999999999849e+00
2.138380400000000137e+01 -7.326378400000000113e+01 -1.036000000000000032e+00 -2.611400000000000166e+00
2.142385000000000161e+01 -7.326043300000000613e+01 -4.440000000000000058e-01 -2.842400000000000038e+00
2.133340600000000009e+01 -7.325862600000000668e+01 -9.399999999999999467e-01 -2.462400000000000144e+00
2.185179300000000069e+01 -7.326075699999999813e+01 -1.227999999999999980e+00 -2.242399999999999949e+00
2.120369399999999871e+01 -7.325571600000000672e+01 1.719999999999999862e-01 -2.477399999999999824e+00
2.141739000000000104e+01 -7.325504100000000562e+01 -8.589999999999999858e-01 -2.755399999999999849e+00
2.119284199999999885e+01 -7.324794500000000141e+01 -9.699999999999999734e-01 -2.207399999999999807e+00
2.165683599999999842e+01 -7.324275699999999745e+01 -1.342000000000000082e+00 -2.714399999999999924e+00
2.157792200000000093e+01 -7.324073199999999417e+01 -7.379999999999999893e-01 -2.500399999999999956e+00
2.119506900000000016e+01 -7.323745800000000372e+01 -7.009999999999999565e-01 -2.493399999999999839e+00
2.146235599999999977e+01 -7.323838700000000301e+01 -6.119999999999999885e-01 -2.650399999999999867e+00
2.172128999999999976e+01 -7.323879100000000619e+01 -1.350999999999999979e+00 -2.075400000000000134e+00
2.140135099999999824e+01 -7.323312900000000525e+01 -4.670000000000000262e-01 -2.335399999999999920e+00
2.154861299999999957e+01 -7.323264600000000257e+01 -1.181000000000000050e+00 -2.580400000000000027e+00
2.172382599999999897e+01 -7.323178500000000213e+01 -7.299999999999999822e-01 -2.408399999999999874e+00
2.142396300000000053e+01 -7.322921300000000144e+01 -6.330000000000000071e-01 -2.680400000000000116e+00
2.132538100000000014e+01 -7.322855500000000006e+01 -3.370000000000000218e-01 -2.453399999999999803e+00
2.130015600000000120e+01 -7.322629200000000083e+01 -9.360000000000000542e-01 -2.591400000000000148e+00
2.163294000000000139e+01 -7.322399199999999553e+01 -9.499999999999999556e-01 -2.716400000000000148e+00
2.148866399999999999e+01 -7.322070200000000284e+01 -1.114000000000000101e+00 -2.138399999999999856e+00
