2.198876699999999929e+01 -7.317074499999999659e+01 -1.316999999999999948e+00 -4.938200000000000145e+00
2.205012599999999878e+01 -7.310178500000000668e+01 -1.328000000000000069e+00 -4.593200000000000394e+00
2.204241100000000131e+01 -7.309399399999999503e+01 -1.431000000000000050e+00 -4.307199999999999918e+00
2.194053699999999907e+01 -7.308768100000000345e+01 -1.407999999999999918e+00 -4.535199999999999676e+00
2.223540799999999962e+01 -7.308458199999999749e+01 -1.372000000000000108e+00 -4.725200000000000067e+00
2.255496899999999982e+01 -7.342965300000000184e+01 -3.280000000000000138e-01 -4.525000000000000355e+00
2.265455700000000050e+01 -7.342103099999999927e+01 -4.099999999999999756e-01 -4.241999999999999993e+00
2.267916599999999860e+01 -7.341817600000000255e+01 -8.549999999999999822e-01 -4.477999999999999758e+00
2.254814100000000110e+01 -7.340329400000000248e+01 -7.790000000000000258e-01 -4.166000000000000369e+00
2.250392799999999838e+01 -7.340247100000000557e+01 -4.879999999999999893e-01 -4.386999999999999567e+00
2.245829900000000023e+01 -7.339339599999999564e+01 -1.029999999999999943e-01 -4.349000000000000199e+00
2.244292700000000096e+01 -7.338979500000000655e+01 -9.300000000000000488e-01 -4.240000000000000213e+00
2.223506300000000024e+01 -7.338680800000000204e+01 -7.219999999999999751e-01 -4.253999999999999559e+00
2.220703400000000016e+01 -7.338209399999999505e+01 -6.840000000000000524e-01 -4.104000000000000092e+00
2.264036300000000068e+01 -7.337237700000000018e+01 -5.380000000000000338e-01 -4.078999999999999737e+00
2.256833800000000068e+01 -7.334781499999999710e+01 -1.004999999999999893e+00 -4.439000000000000057e+00
2.254437499999999872e+01 -7.331577599999999961e+01 5.360000000000000320e-01 -4.647999999999999687e+00
2.219763000000000019e+01 -7.330651899999999443e+01 -7.620000000000000107e-01 -4.581000000000000405e+00
2.230132199999999898e+01 -7.329100999999999999e+01 -1.150000000000000050e-01 -4.636000000000000121e+00
2.234350299999999834e+01 -7.326570999999999856e+01 -3.609999999999999876e-01 -4.570000000000000284e+00
2.230555400000000077e+01 -7.322069700000000125e+01 -9.409999999999999476e-01 -4.067999999999999616e+00
2.261404699999999934e+01 -7.343412600000000623e+01 -4.030000000000000249e-01 -4.213000000000000078e+00
2.170834599999999881e+01 -7.339616499999999633e+01 1.010000000000000064e-01 -4.126400000000000290e+00
2.155886599999999831e+01 -7.330980599999999470e+01 -4.480000000000000093e-01 -4.237400000000000055e+00
2.157585999999999871e+01 -7.329582800000000020e+01 -4.460000000000000075e-01 -4.248400000000000176e+00
2.160094799999999893e+01 -7.329330199999999707e+01 5.410000000000000364e-01 -4.250399999999999956e+00
2.164684600000000003e+01 -7.325463899999999740e+01 -1.019999999999999934e-01 -4.573400000000000354e+00
2.174947200000000080e+01 -7.324462400000000173e+01 -1.344000000000000083e+00 -4.134400000000000297e+00
2.138556399999999869e+01 -7.323170299999999600e+01 -8.539999999999999813e-01 -4.174400000000000333e+00
2.167834799999999973e+01 -7.323038099999999417e+01 -1.366000000000000103e+00 -4.072400000000000020e+00
