2.198547500000000099e+01 -7.319919199999999648e+01 -1.491999999999999993e+00 -3.640200000000000102e+00
2.246129900000000035e+01 -7.319313699999999301e+01 -1.125999999999999890e+00 -3.459200000000000053e+00
2.196396599999999921e+01 -7.316469600000000639e+01 -1.566000000000000059e+00 -3.021199999999999886e+00
2.213128299999999982e+01 -7.314921400000000062e+01 -1.348000000000000087e+00 -3.555200000000000138e+00
2.229168599999999856e+01 -7.314416799999999341e+01 -1.443000000000000060e+00 -3.451200000000000045e+00
2.196870699999999843e+01 -7.313642900000000679e+01 -1.364000000000000101e+00 -3.192200000000000149e+00
2.224239800000000145e+01 -7.311523400000000095e+01 -1.135999999999999899e+00 -3.276199999999999779e+00
2.248117600000000138e+01 -7.310860499999999718e+01 -1.002000000000000002e+00 -3.558199999999999807e+00
2.192725700000000089e+01 -7.306004000000000076e+01 -8.429999999999999716e-01 -3.369200000000000195e+00
2.260785600000000173e+01 -7.342582500000000323e+01 -4.550000000000000155e-01 -3.287999999999999812e+00
2.246297799999999967e+01 -7.341652700000000209e+01 -8.950000000000000178e-01 -3.013999999999999790e+00
2.230615200000000087e+01 -7.337736900000000162e+01 -6.390000000000000124e-01 -3.154999999999999805e+00
2.249205100000000002e+01 -7.337144200000000183e+01 -9.340000000000000524e-01 -3.269000000000000128e+00
2.259577499999999972e+01 -7.334291199999999833e+01 -2.491000000000000103e+00 -3.448999999999999844e+00
2.247974299999999914e+01 -7.334272199999999486e+01 -9.120000000000000329e-01 -3.192000000000000171e+00
2.234890700000000052e+01 -7.332934000000000196e+01 -1.072000000000000064e+00 -3.333000000000000185e+00
2.262056600000000017e+01 -7.332777799999999502e+01 -7.560000000000000053e-01 -3.636000000000000121e+00
2.217354600000000175e+01 -7.330339800000000139e+01 -1.276000000000000023e+00 -3.204000000000000181e+00
2.210152100000000175e+01 -7.330161699999999314e+01 -8.579999999999999849e-01 -3.064999999999999947e+00
2.219193999999999889e+01 -7.329492799999999875e+01 -1.088000000000000078e+00 -3.003000000000000114e+00
2.227850700000000117e+01 -7.328767600000000471e+01 -9.300000000000000488e-01 -3.184000000000000163e+00
2.253257299999999930e+01 -7.325141999999999598e+01 -4.010000000000000231e-01 -3.714999999999999858e+00
2.223185700000000153e+01 -7.324853000000000236e+01 -8.030000000000000471e-01 -3.486000000000000210e+00
2.260323299999999946e+01 -7.353879399999999578e+01 -4.929999999999999938e-01 -3.120999999999999996e+00
2.236527200000000093e+01 -7.353372500000000400e+01 -1.650000000000000078e-01 -3.134999999999999787e+00
2.229637999999999920e+01 -7.351134299999999655e+01 -1.739999999999999880e-01 -3.273000000000000131e+00
2.229500200000000021e+01 -7.350510599999999783e+01 -3.539999999999999813e-01 -3.140000000000000124e+00
2.235021499999999861e+01 -7.349524200000000462e+01 5.789999999999999591e-01 -3.964999999999999858e+00
2.260467900000000085e+01 -7.346390599999999438e+01 -7.860000000000000320e-01 -3.633000000000000007e+00
2.236786100000000133e+01 -7.343510200000000054e+01 -2.899999999999999800e-01 -3.100999999999999979e+00
2.243927899999999909e+01 -7.343175800000000208e+01 -5.540000000000000480e-01 -3.903999999999999915e+00
2.262706100000000120e+01 -7.343150400000000388e+01 -9.469999999999999529e-01 -3.826999999999999957e+00
2.137711200000000034e+01 -7.341155000000000541e+01 9.700000000000000289e-02 -3.503400000000000070e+00
2.190081899999999848e+01 -7.341095799999999372e+01 -6.760000000000000453e-01 -3.056400000000000006e+00
2.182309400000000110e+01 -7.340545500000000345e+01 -1.171999999999999931e+00 -3.025399999999999867e+00
2.131130299999999878e+01 -7.339771700000000010e+01 -5.110000000000000098e-01 -3.046400000000000219e+00
2.154319399999999973e+01 -7.339851000000000170e+01 2.620000000000000107e-01 -3.774399999999999977e+00
2.137667499999999876e+01 -7.338867899999999622e+01 1.829999999999999960e-01 -3.376399999999999846e+00
2.182525800000000160e+01 -7.338868399999999781e+01 -9.479999999999999538e-01 -3.970400000000000151e+00
2.184865599999999830e+01 -7.336857100000000287e+01 -7.600000000000000089e-01 -3.324399999999999800e+00
2.149413799999999952e+01 -7.334728900000000351e+01 -2.750000000000000222e-01 -3.573399999999999910e+00
2.121996700000000047e+01 -7.332257699999999545e+01 -5.030000000000000027e-01 -3.269400000000000084e+00
2.152606700000000117e+01 -7.332392500000000268e+01 -1.046000000000000041e+00 -3.359399999999999942e+00
2.121106199999999831e+01 -7.331831400000000087e+01 -3.669999999999999929e-01 -3.419399999999999995e+00
2.179555600000000126e+01 -7.330625299999999811e+01 -1.078000000000000069e+00 -3.922400000000000109e+00
2.178827199999999920e+01 -7.330143900000000201e+01 -1.260999999999999899e+00 -3.079400000000000137e+00
2.177574699999999908e+01 -7.330111399999999833e+01 -9.659999999999999698e-01 -3.735399999999999832e+00
2.182679200000000108e+01 -7.330100000000000193e+01 -1.477000000000000091e+00 -3.916399999999999881e+00
2.160968799999999845e+01 -7.329237399999999525e+01 -7.409999999999999920e-01 -3.705400000000000027e+00
2.133160700000000176e+01 -7.328668199999999899e+01 -1.299999999999999940e-02 -3.575400000000000134e+00
2.126609600000000100e+01 -7.328361499999999751e+01 5.000000000000000104e-03 -3.437399999999999789e+00
2.133814100000000025e+01 -7.328319299999999714e+01 -1.086000000000000076e+00 -3.194399999999999906e+00
2.125911699999999982e+01 -7.328040400000000432e+01 -1.219999999999999973e-01 -3.423399999999999999e+00
2.139676700000000054e+01 -7.327136699999999792e+01 -8.699999999999999956e-01 -3.454400000000000137e+00
2.168961200000000034e+01 -7.326532199999999762e+01 -7.419999999999999929e-01 -3.435400000000000009e+00
2.131987600000000072e+01 -7.325692499999999541e+01 -9.719999999999999751e-01 -3.076400000000000023e+00
2.135109800000000035e+01 -7.325493000000000166e+01 -8.790000000000000036e-01 -3.538400000000000212e+00
2.166421700000000072e+01 -7.324837499999999579e+01 -1.375000000000000000e+00 -3.016399999999999970e+00
2.121029800000000165e+01 -7.324424799999999891e+01 -4.530000000000000138e-01 -3.679399999999999782e+00
2.181057900000000060e+01 -7.324575699999999756e+01 -1.578000000000000069e+00 -3.207399999999999807e+00
2.143396699999999910e+01 -7.324261199999999405e+01 -8.070000000000000506e-01 -3.271399999999999864e+00
2.123669900000000155e+01 -7.323674699999999405e+01 -6.680000000000000382e-01 -3.066399999999999793e+00
2.148195000000000121e+01 -7.323040500000000463e+01 -8.489999999999999769e-01 -3.553399999999999892e+00
2.170712500000000134e+01 -7.321534200000000681e+01 -1.143999999999999906e+00 -3.261400000000000077e+00
