# ra dec photometered_mass
21.926437 -73.212687 6.012
22.30623 -73.213566 6.365
22.25853 -73.21313 5.0
22.342072 -73.212798 8.003
22.054205 -73.211203 4.199
22.428138 -73.211611 3.399
22.296006 -73.211188 3.2
22.471845 -73.211071 4.559
22.527614 -73.209911 6.012
22.262545 -73.209024 6.4
22.039006 -73.2077 3.599
22.120615 -73.207797 3.399
22.256691 -73.206152 5.402
22.468605 -73.203989 4.394
21.933585 -73.20165 3.399
22.013161 -73.200483 4.754
21.985475 -73.199192 9.061
22.083067 -73.197983 6.998
21.955844 -73.197251 4.002
22.462905 -73.197834 3.399
22.39704 -73.197624 4.754
21.971731 -73.192792 6.61
22.461299 -73.193137 8.811
22.210271 -73.19236 3.799
22.028645 -73.189843 3.799
22.323405 -73.188434 8.217
22.301217 -73.188322 6.201
22.432181 -73.186827 3.799
22.021654 -73.181106 3.399
22.065785 -73.180531 6.61
21.914758 -73.17948 6.201
21.932058 -73.179188 7.576
22.255442 -73.179027 4.394
22.059957 -73.176242 6.843
22.343631 -73.177114 4.394
22.529067 -73.176269 4.002
22.471027 -73.175683 3.544
22.25099 -73.174935 5.394
22.165649 -73.174383 6.012
22.058685 -73.173544 5.0
22.337806 -73.174131 3.2
22.131033 -73.171428 5.602
21.988767 -73.170745 9.833
22.069132 -73.170579 4.394
21.935486 -73.170148 4.599
22.156837 -73.169473 3.399
22.057449 -73.16891 5.802
22.050438 -73.168801 6.61
22.068701 -73.167075 5.0
22.086873 -73.165347 3.859
22.050327 -73.165195 3.799
21.963966 -73.164696 8.217
22.327377 -73.164971 7.751
22.425657 -73.164374 4.084
22.389811 -73.16321 3.799
22.09475 -73.161615 4.002
22.002608 -73.161709 3.399
21.941796 -73.158183 4.199
22.508774 -73.157457 6.201
21.95872 -73.151642 6.201
22.450382 -73.151815 4.398
22.131283 -73.149214 8.997
22.256069 -73.149174 3.544
22.307526 -73.145153 3.859
22.27427 -73.144829 3.2
22.224862 -73.144541 3.399
22.291686 -73.144168 8.811
22.574359 -73.14375 6.002
22.38307 -73.141731 3.599
21.995092 -73.140403 4.599
22.411843 -73.140891 3.599
22.355143 -73.140126 3.799
21.968707 -73.136429 8.407
22.173908 -73.137062 3.859
22.101621 -73.134421 3.599
22.601928 -73.135363 5.802
22.042874 -73.133963 4.799
22.306276 -73.131397 5.402
22.284077 -73.128731 6.998
22.379391 -73.125985 3.544
22.115645 -73.124666 3.859
22.121832 -73.122021 3.399
22.320442 -73.121902 3.399
22.150253 -73.11864 3.799
22.116851 -73.117854 5.602
22.103912 -73.117866 4.978
21.962445 -73.115086 4.799
22.306846 -73.115951 5.402
22.242398 -73.115234 8.597
22.249478 -73.114697 5.0
21.938692 -73.112337 4.754
21.989508 -73.109959 4.084
22.481176 -73.108605 8.997
22.201106 -73.107115 3.399
21.985629 -73.105112 4.559
22.30328 -73.105902 7.108
22.005786 -73.104161 4.199
22.019164 -73.102116 4.199
22.32082 -73.102717 3.799
22.050126 -73.101785 9.833
21.974766 -73.101306 4.754
22.123553 -73.098462 6.998
22.515008 -73.098904 3.799
22.009629 -73.094843 4.002
22.042411 -73.093994 9.836
22.00005 -73.093473 3.399
22.004672 -73.091888 4.199
21.949827 -73.090783 3.399
22.061207 -73.090669 6.998
22.182993 -73.090202 6.61
22.313509 -73.09022 4.799
21.967517 -73.088826 4.002
22.556256 -73.089828 4.398
21.940537 -73.087681 9.834
21.905942 -73.084279 6.012
22.235408 -73.084582 9.833
22.075706 -73.083006 3.599
22.638663 -73.079188 5.394
22.099359 -73.075535 7.992
22.077036 -73.073898 4.394
22.350723 -73.072932 3.599
22.306028 -73.07236 4.754
21.989151 -73.069721 3.399
22.521628 -73.070469 3.799
22.443799 -73.070223 3.799
22.137869 -73.067057 3.544
22.560669 -73.067507 6.012
22.08416 -73.06483 4.199
22.370904 -73.063769 6.365
22.186558 -73.06149 4.978
21.927257 -73.06004 8.811
22.496077 -73.058351 4.394
22.014137 -73.052224 3.859
22.416963 -73.05307 4.754
21.980525 -73.051576 4.599
22.428734 -73.052929 3.544
22.046467 -73.051235 5.201
22.04479 -73.049362 4.199
22.302806 -73.049535 4.799
22.254821 -73.049485 5.394
22.612957 -73.048654 4.754
22.503539 -73.047617 4.199
22.258894 -73.046267 4.199
22.221349 -73.045378 7.389
22.381037 -73.044856 4.002
22.113227 -73.038826 5.0
22.160337 -73.038252 5.602
22.521136 -73.038523 3.2
22.105334 -73.037175 3.859
22.596353 -73.035161 4.394
22.576143 -73.03294 6.201
21.937163 -73.429168 3.859
22.232066 -73.429989 5.402
22.57725 -73.429865 7.576
22.554969 -73.429653 9.832
22.476269 -73.429514 4.199
22.323248 -73.42858 5.802
22.116486 -73.426609 3.001
21.907289 -73.425774 5.802
22.566785 -73.426943 3.2
21.949039 -73.424697 3.2
22.47637 -73.42654 3.001
22.446353 -73.425992 5.0
22.607856 -73.425825 8.597
22.432131 -73.425153 6.201
22.633083 -73.424408 6.201
22.591906 -73.424164 3.799
22.469393 -73.422082 7.992
22.521815 -73.421731 3.001
22.435593 -73.421523 4.559
22.256096 -73.420285 4.002
22.654557 -73.421031 9.824
22.616927 -73.421189 6.201
22.583877 -73.420817 4.199
22.515671 -73.420453 3.2
22.178309 -73.419573 3.599
22.44222 -73.419751 6.843
22.642427 -73.419549 6.4
22.380615 -73.418329 6.4
22.679166 -73.418176 9.831
22.473416 -73.417409 7.751
22.137822 -73.416136 3.399
22.462978 -73.416527 8.217
21.998398 -73.413849 4.199
22.666628 -73.414935 5.201
22.072688 -73.411837 3.799
21.910178 -73.411229 4.002
22.382685 -73.411873 5.0
22.223949 -73.410747 6.365
22.189663 -73.409849 7.389
22.415897 -73.409648 6.61
22.508551 -73.408537 3.001
22.108848 -73.40743 6.4
21.98002 -73.406313 5.0
22.494934 -73.407956 4.002
22.427497 -73.407888 4.002
22.056575 -73.406473 5.402
22.089903 -73.405896 3.799
22.344876 -73.405834 6.201
22.592159 -73.405638 4.199
22.516846 -73.405751 3.399
22.306693 -73.403319 3.2
22.279627 -73.4032 3.2
22.548141 -73.403294 9.745
22.395259 -73.402512 3.599
22.503928 -73.402471 9.835
22.647033 -73.401505 4.559
22.431954 -73.400889 6.61
22.377505 -73.401077 3.2
22.440049 -73.400588 6.61
22.590205 -73.399976 3.399
22.33173 -73.399134 5.394
22.354549 -73.398354 4.754
22.143663 -73.397514 6.61
22.631393 -73.398787 6.002
22.003474 -73.396353 5.602
21.919324 -73.395753 3.2
22.210149 -73.396787 3.2
22.138986 -73.395681 3.2
22.260768 -73.394155 3.599
22.179867 -73.394053 3.399
22.578168 -73.394748 3.859
22.15291 -73.393133 3.2
21.914357 -73.392162 5.394
22.458299 -73.393396 9.835
22.658828 -73.393176 5.201
22.607609 -73.393071 4.394
22.091668 -73.390968 4.199
22.506761 -73.392374 3.2
22.473276 -73.390859 5.201
22.425645 -73.390087 3.2
22.442927 -73.389795 9.824
22.185554 -73.388347 4.799
22.645155 -73.388344 6.012
22.213275 -73.387217 5.201
21.976936 -73.386109 3.2
22.235063 -73.386808 9.829
21.987473 -73.384372 4.199
22.527134 -73.385843 4.978
22.604472 -73.384909 3.859
22.105247 -73.383157 3.799
22.424154 -73.384061 4.398
21.971106 -73.382135 5.402
22.581426 -73.383949 7.992
22.452437 -73.383814 3.2
22.207034 -73.382094 9.629
22.280224 -73.381761 6.998
22.261025 -73.381281 6.002
22.375159 -73.381495 3.799
22.523717 -73.381528 4.199
22.444024 -73.380894 6.201
22.330468 -73.380214 3.2
22.240432 -73.379635 4.799
22.167261 -73.379001 5.201
22.496949 -73.379698 3.399
22.643172 -73.379118 6.002
21.96928 -73.376793 4.002
22.306152 -73.377369 8.407
22.267101 -73.377091 8.407
21.941488 -73.375483 3.2
22.55852 -73.377459 4.559
22.18794 -73.376283 3.2
22.50526 -73.374416 3.399
22.03569 -73.372901 4.754
21.966211 -73.372669 4.754
22.185489 -73.372951 3.001
22.155226 -73.372344 7.389
22.083563 -73.372162 5.201
22.137008 -73.371491 4.199
22.32326 -73.371876 3.399
22.640363 -73.372377 9.629
22.492051 -73.371442 8.597
22.399254 -73.370214 3.001
22.133888 -73.369165 4.394
21.941035 -73.367484 3.2
22.567081 -73.368434 7.992
22.380804 -73.366377 3.001
22.298146 -73.366266 4.799
22.1053 -73.364194 5.602
21.991309 -73.36322 3.599
22.6366 -73.364627 4.084
22.415446 -73.362523 3.544
22.295453 -73.362196 3.859
22.540532 -73.361971 6.012
22.337539 -73.361258 3.2
22.03827 -73.359225 4.559
22.567217 -73.360294 4.799
22.39242 -73.360189 3.2
22.373934 -73.35968 6.012
22.669666 -73.360121 8.003
22.578205 -73.359666 4.394
22.588623 -73.358171 5.201
22.208554 -73.357461 3.859
22.170293 -73.356265 5.802
22.56687 -73.357324 7.751
22.063262 -73.354664 4.599
22.425245 -73.354367 4.394
22.053061 -73.352655 3.859
22.003461 -73.352285 4.199
22.643677 -73.354172 7.108
21.943724 -73.351714 5.602
22.179369 -73.352358 3.799
22.309041 -73.352643 3.799
22.383037 -73.352367 3.859
22.335781 -73.352226 5.201
22.083679 -73.350997 3.399
22.049269 -73.350465 3.599
22.600799 -73.351924 5.802
22.056473 -73.350492 3.2
22.43355 -73.350605 4.978
22.267333 -73.350007 3.001
22.276622 -73.349772 5.0
21.94157 -73.348243 6.843
22.022356 -73.347735 4.002
22.403539 -73.347789 4.084
22.57773 -73.348166 4.002
22.087316 -73.346521 3.599
21.957634 -73.346049 4.599
22.568338 -73.347815 9.831
22.357158 -73.34711 4.754
22.599414 -73.347129 4.084
22.530907 -73.34696 3.544
22.41162 -73.346664 5.602
22.198292 -73.345705 4.559
21.951292 -73.343409 5.402
22.432924 -73.3443 3.859
22.36214 -73.344358 3.399
22.224315 -73.343347 5.402
22.559806 -73.343885 5.201
22.547463 -73.343506 7.108
21.965254 -73.341079 6.4
22.595775 -73.342912 8.811
22.479743 -73.342722 8.407
22.433701 -73.34255 3.2
22.329572 -73.341776 5.394
22.056425 -73.340665 5.402
22.329617 -73.340134 5.602
22.173274 -73.339493 3.399
22.451905 -73.339077 3.2
22.351411 -73.338227 3.599
22.05291 -73.337049 5.402
22.225873 -73.337552 3.599
22.408984 -73.337365 3.399
22.186324 -73.336773 3.2
22.003798 -73.334698 3.799
22.175703 -73.334668 6.843
22.385429 -73.335298 4.599
22.395909 -73.33214 5.201
22.248609 -73.330511 7.389
22.348907 -73.32934 8.597
22.310943 -73.328953 4.559
22.15231 -73.328753 3.399
22.106574 -73.328448 3.399
22.484111 -73.328958 3.399
22.514545 -73.327815 6.365
22.32022 -73.327489 4.002
22.620566 -73.327778 9.061
22.045398 -73.325873 3.859
22.258043 -73.326445 5.802
22.245313 -73.326545 4.199
22.666375 -73.32575 7.576
22.392517 -73.325068 4.599
22.488739 -73.324473 8.003
22.437788 -73.324463 7.992
22.018245 -73.32277 3.2
22.629718 -73.323395 3.544
22.255009 -73.322672 7.992
21.981837 -73.321104 5.802
22.277176 -73.321726 6.201
22.640532 -73.322166 3.2
22.059022 -73.319608 3.544
22.001328 -73.319306 3.799
22.118248 -73.319401 3.2
22.133191 -73.318653 3.2
22.385355 -73.318991 3.859
22.347755 -73.318934 4.002
21.974895 -73.316308 3.799
22.124583 -73.317159 3.001
22.298849 -73.316946 4.398
22.414492 -73.316423 3.599
22.235394 -73.315846 3.799
22.544375 -73.315776 9.833
22.51101 -73.31354 3.399
22.063134 -73.312263 4.599
21.915601 -73.311242 4.199
22.267357 -73.311689 6.002
21.937505 -73.310109 4.599
22.515339 -73.312033 4.799
22.426153 -73.31177 6.998
22.400572 -73.311917 7.751
22.124558 -73.310563 3.859
22.081121 -73.309695 3.001
22.106961 -73.308844 3.2
22.612947 -73.309464 3.399
22.147018 -73.308274 3.2
22.413555 -73.307916 4.599
22.19763 -73.306519 9.833
22.148116 -73.305445 3.001
22.128031 -73.305196 3.859
22.173546 -73.303398 8.407
22.127343 -73.303549 3.2
21.942393 -73.302655 3.399
22.560983 -73.303952 4.559
22.301828 -73.303053 3.859
22.101521 -73.301617 8.217
22.462311 -73.302176 3.599
22.352795 -73.301965 6.4
22.536325 -73.301344 4.199
21.948386 -73.298695 6.843
22.466546 -73.300381 4.599
22.584496 -73.300163 4.199
22.287977 -73.299388 8.217
21.950479 -73.295717 6.843
22.247979 -73.295261 5.602
22.19194 -73.294928 8.217
22.395191 -73.294373 5.394
22.445615 -73.292959 4.799
22.279523 -73.291997 3.599
22.532642 -73.291635 3.001
22.301322 -73.29101 9.833
22.255159 -73.291017 5.201
22.246874 -73.29103 3.599
22.604112 -73.290595 4.599
21.994977 -73.286868 4.559
22.278507 -73.287676 8.407
22.198201 -73.284996 3.544
22.473325 -73.284426 4.398
22.659611 -73.283801 3.544
22.226072 -73.282525 3.2
22.106742 -73.280971 6.365
22.037317 -73.278244 6.365
22.238757 -73.277988 6.998
22.047158 -73.27548 3.2
22.435852 -73.276467 3.544
22.512791 -73.274969 6.012
21.954966 -73.272675 3.399
22.20398 -73.272559 5.602
22.58147 -73.273412 3.799
22.049234 -73.268948 3.001
22.345254 -73.269031 4.394
22.006961 -73.267514 5.602
22.343503 -73.26571 9.833
21.96653 -73.264173 5.402
22.299251 -73.264202 4.754
22.217514 -73.264276 4.199
22.210452 -73.263632 4.559
22.096684 -73.262898 4.394
22.529055 -73.263072 4.599
22.210518 -73.261781 3.859
22.25608 -73.259674 4.599
21.996273 -73.258702 4.394
22.427644 -73.258707 3.799
22.455444 -73.257816 4.394
22.005131 -73.256027 3.544
22.274611 -73.256496 7.576
22.053684 -73.254721 3.399
22.295636 -73.252613 3.544
22.12101 -73.252266 5.602
22.668909 -73.253385 4.978
22.382575 -73.251319 4.002
22.532573 -73.25142 9.224
22.462788 -73.250617 3.544
22.290229 -73.250387 7.108
22.231857 -73.24853 8.811
22.395616 -73.247606 3.799
22.06405 -73.24543 6.365
22.186931 -73.242727 5.802
22.00809 -73.241168 3.399
22.471464 -73.242554 3.001
21.948833 -73.240394 4.394
21.933366 -73.23936 4.599
21.92172 -73.239557 3.544
22.242736 -73.240474 3.399
22.521254 -73.240426 3.2
22.127023 -73.238778 4.599
22.081171 -73.237532 3.599
22.022183 -73.233446 3.599
22.313064 -73.233899 7.751
22.465142 -73.234185 3.2
22.282208 -73.232537 7.108
22.416522 -73.231507 3.001
22.393849 -73.231341 3.859
22.185889 -73.227751 4.799
22.405417 -73.228108 7.389
22.398623 -73.22737 5.802
22.285041 -73.226289 3.599
22.494989 -73.225712 3.2
22.398745 -73.225811 5.0
22.29926 -73.224999 3.001
22.170747 -73.224864 3.799
21.983527 -73.22403 4.394
22.425581 -73.224789 3.799
22.443415 -73.223714 4.199
22.391933 -73.223411 7.389
21.969843 -73.221917 5.0
22.051662 -73.221786 4.199
22.197593 -73.222173 3.001
22.321174 -73.221515 3.2
22.257563 -73.220904 5.0
22.305554 -73.220697 9.629
22.445722 -73.219328 4.799
22.287398 -73.216157 7.108
22.45822 -73.625553 4.002
22.672076 -73.620089 4.754
22.277417 -73.618025 3.544
22.05506 -73.608865 5.802
22.647771 -73.605247 3.859
22.140639 -73.602309 3.2
22.603824 -73.60029 5.201
22.553714 -73.594858 7.108
22.067782 -73.589135 3.599
22.041152 -73.586128 6.002
22.681701 -73.587987 5.602
22.450585 -73.586162 3.2
22.230527 -73.584061 4.084
21.93962 -73.576273 3.859
22.447511 -73.577723 4.799
22.317048 -73.576464 3.001
22.557976 -73.574948 4.199
22.29186 -73.574398 3.599
22.005127 -73.57018 3.2
22.446369 -73.570597 3.399
22.094236 -73.568413 3.799
21.923001 -73.567339 4.599
22.058586 -73.567701 3.544
22.684187 -73.566798 3.2
22.147262 -73.565789 3.544
22.404088 -73.564377 3.2
22.006064 -73.562653 3.544
22.405651 -73.563306 3.399
22.346295 -73.5613 3.2
22.173419 -73.559897 5.802
22.507063 -73.560653 6.201
22.397843 -73.558189 6.002
22.375435 -73.557736 5.802
22.060216 -73.554928 6.4
21.968441 -73.554485 3.2
22.284028 -73.554132 3.2
22.256882 -73.554136 3.799
22.233368 -73.553783 3.399
22.050067 -73.552353 3.399
22.060438 -73.552002 4.799
22.022182 -73.549756 4.799
22.608188 -73.550437 4.559
21.954868 -73.548333 4.199
22.175461 -73.548248 3.859
22.142545 -73.546415 7.751
22.071897 -73.543114 3.001
22.488145 -73.543401 4.002
22.089018 -73.541269 3.2
22.345919 -73.54106 3.859
22.418952 -73.540758 3.001
22.284832 -73.539275 4.394
22.065752 -73.538206 3.399
22.386389 -73.538998 6.002
22.603233 -73.538794 8.407
22.633482 -73.538178 7.108
22.623605 -73.536944 5.201
22.54573 -73.536299 4.199
22.433433 -73.535214 5.201
22.305641 -73.534532 6.61
22.365272 -73.533725 8.407
22.6059 -73.533362 6.998
22.457187 -73.532712 3.399
22.410008 -73.531005 3.2
22.393674 -73.530203 3.599
22.403348 -73.529608 3.859
22.265662 -73.528381 4.084
22.459728 -73.52943 3.2
22.366675 -73.528967 4.398
22.615225 -73.52865 3.2
22.487785 -73.527608 6.365
22.302408 -73.52684 3.599
22.479583 -73.526153 3.399
22.24328 -73.525305 4.199
22.49607 -73.525474 4.799
22.142931 -73.524042 4.394
22.090103 -73.522807 5.0
22.102079 -73.520985 4.394
22.050401 -73.519001 4.398
22.076314 -73.519081 5.602
21.971879 -73.518671 4.559
22.638338 -73.519756 3.399
22.480666 -73.519828 4.002
22.388004 -73.519558 3.599
22.405938 -73.516872 4.002
22.091215 -73.515742 4.754
22.032075 -73.51539 7.576
22.212564 -73.516063 3.399
22.4758 -73.514633 7.389
22.267021 -73.513624 5.0
22.052654 -73.512877 3.599
22.249974 -73.511914 3.544
22.088426 -73.511033 6.012
22.29638 -73.511343 8.597
22.065983 -73.510153 5.394
22.138712 -73.509451 4.199
22.629027 -73.509439 7.389
22.214539 -73.508434 4.394
22.049438 -73.506798 7.576
22.23493 -73.506273 3.599
22.295002 -73.505106 8.407
21.92395 -73.503933 6.002
22.398036 -73.504037 3.599
22.168806 -73.503317 4.754
22.50638 -73.503091 4.754
22.527182 -73.498066 3.599
22.510558 -73.498161 3.799
22.430269 -73.49778 6.4
21.994893 -73.495241 4.599
22.350215 -73.495242 9.513
22.204655 -73.495068 3.001
22.289813 -73.492923 3.599
22.275009 -73.491664 3.2
22.428419 -73.490428 3.599
22.058528 -73.489252 3.399
22.521363 -73.486909 3.799
22.461965 -73.48612 7.751
21.981631 -73.481853 4.199
22.442998 -73.483576 3.599
21.994314 -73.479337 3.599
22.432092 -73.479351 3.544
22.327733 -73.477382 4.199
22.196623 -73.476066 6.843
22.479959 -73.474562 4.084
22.465471 -73.474379 3.599
22.092764 -73.473172 6.843
21.981712 -73.472391 4.398
22.009814 -73.471898 6.002
22.668231 -73.473435 4.002
22.542023 -73.470615 3.2
22.611288 -73.469954 3.399
22.302242 -73.468933 5.402
22.676636 -73.468087 4.199
21.933937 -73.464933 4.394
22.517748 -73.46509 4.559
22.35171 -73.463769 4.394
22.301305 -73.46358 5.201
22.604679 -73.463906 9.061
22.499644 -73.463448 3.2
22.407138 -73.463537 5.0
21.974982 -73.461741 4.799
22.152859 -73.461009 3.2
22.202284 -73.461205 3.2
22.671203 -73.462085 6.843
22.6276 -73.461893 4.002
22.222582 -73.460775 3.599
22.523161 -73.46002 3.2
22.460269 -73.45988 3.001
22.417534 -73.45784 5.602
22.197516 -73.455823 3.001
22.513247 -73.456573 4.978
22.482094 -73.45628 3.799
22.470136 -73.456231 6.4
22.576179 -73.454911 5.602
22.530363 -73.453875 5.402
22.432781 -73.453604 7.389
22.532121 -73.452155 6.998
22.375827 -73.451812 6.998
21.934585 -73.449355 4.199
22.490156 -73.449285 6.201
22.525227 -73.44895 5.394
22.336409 -73.447814 3.001
22.536533 -73.447835 6.61
22.549406 -73.447794 3.399
22.098445 -73.445583 3.859
22.35564 -73.446189 5.802
22.414779 -73.444533 3.2
22.442349 -73.443674 3.2
21.988217 -73.441199 6.843
22.46887 -73.442735 3.001
22.560456 -73.441378 3.544
22.515583 -73.440241 8.003
22.035406 -73.438781 3.799
22.597199 -73.440359 7.576
22.385291 -73.439877 3.2
22.624975 -73.439286 8.003
22.480535 -73.43894 3.859
22.671748 -73.437587 7.389
22.298332 -73.436161 3.001
22.367861 -73.435102 8.217
22.481292 -73.434434 5.201
22.176925 -73.433429 3.544
22.614047 -73.434126 9.811
22.521076 -73.433457 3.399
22.028197 -73.431558 3.859
22.597994 -73.432537 3.399
22.565825 -73.432652 4.199
22.502795 -73.432402 3.2
21.957985 -73.430555 3.544
22.439279 -73.431758 9.374
22.627061 -73.431504 9.374
21.724856 -73.428596 3.799
21.349681 -73.425235 8.003
21.517313 -73.426454 6.002
21.324896 -73.42493 7.576
21.594194 -73.426489 4.002
21.524262 -73.422224 5.802
21.383697 -73.421189 5.201
21.695242 -73.421173 5.602
21.317802 -73.418368 5.201
21.333286 -73.416341 6.012
21.44811 -73.415975 4.599
21.719737 -73.416759 6.002
21.349961 -73.413127 4.199
21.46109 -73.413249 7.751
21.377112 -73.41155 8.811
21.479075 -73.411413 4.754
21.617638 -73.411931 6.61
21.409226 -73.410298 6.61
21.347096 -73.409734 3.799
21.359502 -73.408324 4.559
21.900819 -73.410958 8.217
21.375099 -73.407569 6.843
21.877841 -73.410685 6.201
21.755934 -73.406075 3.859
21.87809 -73.406185 3.599
21.823094 -73.405455 8.217
21.454097 -73.402285 3.799
21.44208 -73.40172 4.754
21.281753 -73.400654 7.108
21.722393 -73.401121 6.002
21.448133 -73.399824 4.754
21.311303 -73.397717 8.217
21.543194 -73.39851 9.224
21.461787 -73.398659 7.576
21.392667 -73.397593 5.402
21.300117 -73.395746 3.859
21.369322 -73.395471 5.201
21.35125 -73.395854 6.012
21.772201 -73.397418 3.859
21.750401 -73.397247 4.559
21.492026 -73.395684 3.599
21.708346 -73.396165 9.745
21.437944 -73.392355 4.978
21.348276 -73.391021 7.108
21.566747 -73.391185 3.859
21.789601 -73.392288 5.201
21.376675 -73.388679 8.811
21.392917 -73.388732 5.201
21.466268 -73.386863 7.389
21.825258 -73.388684 9.513
21.75349 -73.388255 3.599
21.365995 -73.385474 7.389
21.458142 -73.385716 3.544
21.86798 -73.386422 4.199
21.691958 -73.385113 4.398
21.414008 -73.383277 6.002
21.510684 -73.382787 7.751
21.343444 -73.381495 5.394
21.277191 -73.380476 3.859
21.355085 -73.38066 6.61
21.648845 -73.380868 4.799
21.329426 -73.378695 3.799
21.293503 -73.377443 6.61
21.343389 -73.376747 4.978
21.778698 -73.378502 3.599
21.37461 -73.376402 4.002
21.378344 -73.373669 4.084
21.288459 -73.372061 3.599
21.797178 -73.374948 4.599
21.63207 -73.373184 5.802
21.503209 -73.37228 6.843
21.437136 -73.370966 3.599
21.278762 -73.369432 4.599
21.325966 -73.368503 3.599
21.291448 -73.366804 7.389
21.793013 -73.369528 4.199
21.351195 -73.36662 4.559
21.468569 -73.366863 5.394
21.848656 -73.368571 8.597
21.64824 -73.367472 4.754
21.464208 -73.366102 6.201
21.335632 -73.364654 4.002
21.620013 -73.366046 6.998
21.89812 -73.366962 6.365
21.488572 -73.36411 4.799
21.701469 -73.364836 3.799
21.341667 -73.361527 7.389
21.356347 -73.360279 6.365
21.53564 -73.361584 4.599
21.278837 -73.35716 4.084
21.834514 -73.360212 3.859
21.797081 -73.360014 3.599
21.321401 -73.356764 4.398
21.449821 -73.356426 4.199
21.25601 -73.354653 6.002
21.576301 -73.356559 4.394
21.522056 -73.355838 4.002
21.333512 -73.353961 3.799
21.306944 -73.353251 4.199
21.746756 -73.355355 6.61
21.678561 -73.354865 3.599
21.866017 -73.355485 4.754
21.630384 -73.352353 4.199
21.701263 -73.352543 4.599
21.318314 -73.349667 7.576
21.285511 -73.348447 4.754
21.744466 -73.351009 4.394
21.209139 -73.34617 4.398
21.279037 -73.345271 4.799
21.494138 -73.347289 8.997
21.383152 -73.34639 3.799
21.849848 -73.349284 4.754
21.802925 -73.348668 3.599
21.273086 -73.343448 6.201
21.326206 -73.341444 3.859
21.632804 -73.342344 3.799
21.816108 -73.342719 6.201
21.216885 -73.338385 8.003
21.342229 -73.338522 3.859
21.847216 -73.341512 4.978
21.464576 -73.338836 5.602
21.472267 -73.337641 4.559
21.240922 -73.334541 4.002
21.389255 -73.334991 4.199
21.758488 -73.337526 6.61
21.452571 -73.335524 6.002
21.311869 -73.33083 3.859
21.205859 -73.329579 5.201
21.741513 -73.332708 3.599
21.402344 -73.330611 6.201
21.902554 -73.332683 6.4
21.237558 -73.32797 7.108
21.517012 -73.32918 6.843
21.651946 -73.330221 4.799
21.76852 -73.329604 5.402
21.825232 -73.329426 3.599
21.89815 -73.328989 4.002
21.61007 -73.326789 4.559
21.647969 -73.326633 3.799
21.403786 -73.32498 4.799
21.219967 -73.322577 8.597
21.768243 -73.326104 4.199
21.526067 -73.323925 8.597
21.308841 -73.321568 6.843
21.423925 -73.321388 6.365
21.70533 -73.322464 7.576
21.61613 -73.321783 4.394
21.683872 -73.322007 4.199
21.211062 -73.318314 8.811
21.62382 -73.320969 4.799
21.556666 -73.320435 5.602
21.522374 -73.318438 8.217
21.900878 -73.31957 4.002
21.864999 -73.318215 3.859
21.458423 -73.315413 6.843
21.828255 -73.316148 4.799
21.390433 -73.313183 5.402
21.657049 -73.31491 7.108
21.812829 -73.314402 3.859
21.307887 -73.309185 3.544
21.759346 -73.312358 4.199
21.223111 -73.308061 6.002
21.329793 -73.308549 3.799
21.682873 -73.310459 4.799
21.66346 -73.310282 6.002
21.558866 -73.309806 9.824
21.228951 -73.306517 3.599
21.434394 -73.307811 4.394
21.239861 -73.305458 3.599
21.637904 -73.30779 8.003
21.364256 -73.305872 3.599
21.419885 -73.305722 5.602
21.493026 -73.305866 4.559
21.795556 -73.306253 9.513
21.614686 -73.304409 7.751
21.546299 -73.304183 4.084
21.599242 -73.303739 6.4
21.454666 -73.302519 4.002
21.286872 -73.301392 3.544
21.667802 -73.302495 6.201
21.800202 -73.303109 6.201
21.755711 -73.302214 5.394
21.788272 -73.301439 8.217
21.775747 -73.301114 9.224
21.697494 -73.300773 4.754
21.826792 -73.301 9.513
21.697267 -73.298437 5.0
21.392948 -73.29643 4.199
21.858053 -73.297681 4.394
21.57586 -73.295828 9.824
21.796146 -73.295527 3.799
21.480756 -73.293474 7.751
21.732686 -73.294124 6.843
21.600948 -73.293302 9.824
21.609688 -73.292374 9.224
21.552071 -73.292226 6.843
21.526897 -73.292171 6.61
21.707817 -73.291017 3.544
21.566273 -73.289571 4.398
21.331607 -73.286682 8.997
21.688363 -73.288913 4.559
21.266096 -73.283615 8.811
21.827306 -73.287173 5.802
21.637045 -73.286104 4.084
21.542445 -73.285705 6.61
21.473683 -73.284911 4.559
21.626493 -73.285233 4.599
21.338141 -73.283193 8.407
21.500724 -73.283904 6.61
21.714054 -73.284591 6.4
21.492261 -73.283036 6.365
21.403549 -73.281597 4.599
21.259117 -73.280404 8.811
21.239477 -73.280258 4.398
21.662062 -73.282584 4.084
21.803105 -73.283098 4.084
21.899751 -73.282856 6.843
21.517298 -73.280973 5.0
21.795591 -73.280686 3.544
21.322705 -73.276898 3.599
21.305155 -73.276073 5.201
21.196703 -73.275105 3.799
21.543591 -73.276604 4.002
21.26718 -73.274331 6.002
21.333089 -73.273572 6.61
21.842092 -73.275198 4.398
21.442114 -73.272452 3.599
21.302654 -73.271024 6.201
21.858396 -73.27496 3.544
21.396767 -73.271367 8.811
21.243717 -73.270115 5.602
21.637861 -73.272478 4.978
21.317294 -73.270146 3.544
21.57776 -73.271937 5.201
21.56829 -73.270974 7.576
21.493228 -73.27013 6.201
21.541874 -73.269358 5.201
21.609664 -73.269911 4.084
21.272034 -73.267247 6.002
21.72603 -73.269744 4.559
21.602267 -73.268718 5.0
21.783291 -73.26855 5.394
21.877337 -73.268302 5.201
21.383804 -73.263784 7.576
21.689612 -73.265322 8.811
21.244821 -73.260542 5.0
21.42385 -73.260433 7.992
21.515735 -73.260737 4.799
21.303475 -73.2587 8.003
21.730962 -73.261315 3.599
21.333406 -73.258626 7.389
21.851793 -73.260757 6.998
21.319876 -73.256925 8.217
21.203694 -73.255716 7.389
21.442348 -73.257477 5.201
21.776042 -73.258915 4.394
21.369586 -73.255844 4.599
21.275538 -73.254983 5.602
21.351098 -73.25493 8.997
21.41739 -73.255041 7.751
21.332328 -73.254047 6.002
21.275413 -73.253053 4.559
21.646846 -73.254639 9.833
21.289041 -73.251851 3.799
21.633078 -73.253855 6.201
21.581931 -73.253211 3.799
21.556055 -73.252572 5.802
21.412041 -73.25129 5.802
21.772051 -73.252863 4.199
21.766158 -73.251886 5.201
21.554124 -73.250543 5.602
21.192842 -73.247945 6.843
21.780119 -73.251683 5.602
21.736879 -73.251378 5.201
21.415462 -73.248841 4.199
21.231205 -73.24735 5.0
21.305393 -73.247363 4.799
21.489379 -73.248142 4.084
21.360468 -73.247396 5.402
21.339876 -73.246819 4.978
21.299417 -73.246225 4.084
21.664217 -73.248375 8.217
21.447916 -73.246192 4.199
21.230068 -73.244539 3.859
21.63978 -73.247321 5.602
21.37485 -73.245762 4.199
21.275408 -73.244326 4.002
21.210298 -73.244248 9.061
21.770898 -73.247408 6.002
21.717971 -73.246847 3.799
21.233042 -73.242789 4.754
21.194194 -73.24137 5.602
21.810579 -73.245757 8.407
21.361156 -73.242621 4.978
21.749472 -73.244624 9.745
21.433967 -73.242612 8.597
21.697242 -73.243942 4.559
21.551145 -73.242964 3.544
21.462519 -73.242586 3.799
21.85869 -73.244509 4.559
21.656836 -73.242757 7.751
21.485427 -73.241348 4.754
21.577922 -73.240732 7.389
21.512929 -73.240391 4.559
21.380024 -73.239343 4.199
21.195069 -73.237458 7.389
21.216746 -73.23672 4.394
21.236699 -73.236747 8.217
21.462356 -73.238387 7.576
21.397484 -73.237927 6.61
21.859848 -73.24069 3.599
21.689107 -73.23899 4.559
21.532714 -73.238132 5.602
21.72129 -73.238791 6.61
21.546619 -73.237154 5.802
21.38731 -73.234824 5.402
21.575226 -73.236203 4.799
21.662006 -73.236075 3.599
21.798458 -73.236789 3.859
21.391804 -73.233606 6.002
21.313243 -73.233165 3.599
21.411584 -73.23297 5.394
21.401351 -73.233129 7.108
21.824335 -73.235595 4.398
21.76538 -73.234689 6.002
21.385564 -73.231703 9.745
21.548613 -73.232646 7.389
21.838523 -73.234067 3.799
21.790279 -73.232781 4.559
21.48195 -73.230405 8.997
21.811637 -73.232316 4.199
21.723826 -73.231785 7.108
21.688153 -73.230956 4.199
21.314017 -73.228087 3.544
21.747649 -73.231306 4.799
21.423963 -73.229213 7.576
21.325381 -73.228555 7.389
21.678348 -73.230381 9.629
21.210896 -73.227343 4.978
21.234969 -73.226387 4.599
21.354974 -73.227306 4.199
21.300156 -73.226292 7.576
21.386872 -73.225584 4.754
21.701027 -73.226698 4.084
21.36575 -73.224272 4.084
21.565458 -73.225011 4.978
21.327148 -73.223204 5.802
21.898334 -73.226172 3.799
21.77701 -73.225725 4.754
21.302389 -73.222504 6.4
21.768646 -73.224994 5.201
21.63294 -73.223992 7.751
21.32209 -73.221892 4.002
21.351721 -73.220278 5.201
21.530626 -73.221756 5.802
21.723393 -73.222548 4.398
21.237294 -73.218776 4.398
21.488664 -73.220702 6.843
21.248985 -73.218718 4.084
21.510479 -73.220231 3.599
21.390702 -73.218955 5.602
21.693937 -73.219501 6.201
21.406625 -73.217951 3.859
21.818195 -73.21981 4.084
21.595997 -73.217591 4.002
21.575559 -73.215761 3.799
21.707125 -73.215342 8.597
